[71.83397308, 74.15547596, 74.15547596, 75.69593921, 75.69593921, 77.54743312, 77.54743312, 83.41285818]
[82.51248701, 87.69998919, 87.69998919, 84.25210531, 84.25210531, 81.12717398]
[64.72328281, 64.72328281]
[64.82243969, 64.82243969]
[58.96602354, 58.56443739, 58.56443739, 61.51407536, 61.51407536, 65.71463676, 65.71463676, 71.33772734, 71.33772734, 77.71136178, 77.71136178, 78.82433733, 78.82433733, 78.72604828]
[64.37580873, 69.78820992, 69.78820992, 69.33112161, 69.33112161, 69.83015419, 69.83015419, 70.80833421, 70.80833421, 73.94674435, 73.94674435, 74.39386878]
[67.34767598, 65.93238126]
[67.80998136, 69.10941712, 69.10941712, 68.76805491, 68.76805491, 67.04401224, 67.04401224, 67.14427933, 67.14427933, 67.80998136]
[72.14949916, 72.14949916]
[72.73369763, 72.73369763]
[76.96227797, 75.43379735, 75.43379735, 76.56079335, 76.56079335, 77.54706964]
[81.42266925, 81.09073843, 81.09073843, 80.55235152, 80.55235152, 81.23096071, 81.23096071, 82.53110584, 82.53110584, 81.42266925]
[62.59969448, 64.20850517]
[85.37346099999999, 86.25711803, 86.25711803, 89.26413805, 89.26413805, 86.58632924, 86.58632924, 82.03725071, 82.03725071, 77.79449901]
[81.29592818, 83.56151865, 83.56151865, 83.70746159, 83.70746159, 82.4935747, 82.4935747, 80.05214787, 80.05214787, 79.67397492, 79.67397492, 81.29592818]
[87.30745696, 87.30745696]
[83.15371558, 84.34611856, 83.15371558, 82.86966645, 83.15371558, 83.19110073, 83.15371558, 80.70156136]
[70.90704605, 68.88851683, 68.88851683, 67.82470926, 67.82470926, 67.40238385, 67.40238385, 68.68526545, 68.68526545, 70.62255881, 70.62255881, 73.04007203]
[80.69867409, 81.47071191, 81.47071191, 81.44866603, 81.44866603, 79.69148012, 79.69148012, 77.91627546, 77.91627546, 77.28145654, 77.28145654, 76.11511028, 76.11511028, 73.85056527, 73.85056527, 72.42123962]
[65.14045287, 65.52085977, 65.52085977, 65.52600645, 65.52600645, 64.58599618, 64.58599618, 63.85310111, 63.85310111, 64.65818814, 64.65818814, 64.20272388, 64.20272388, 66.35182541, 66.35182541, 64.24758084]
[67.62957486, 65.45563092, 65.45563092, 68.465727, 64.32787175, 68.47405416, 68.47405416, 66.33164165]
[70.26783533, 65.71443029999999, 65.71443029999999, 65.56354628, 62.52646287, 67.66131695, 67.66131695, 67.87344872]
[60.44228144, 60.88425174, 60.88425174, 60.73590167, 60.73590167, 64.26162001, 64.26162001, 66.34266029, 66.34266029, 64.91993345, 64.91993345, 63.50564999, 63.50564999, 62.65371666]
[56.87245216, 55.17280674, 55.17280674, 52.30135901, 52.30135901, 51.48895101, 51.48895101, 46.00632216]
[60.20442421, 60.22558784, 60.22558784, 63.18576376, 59.29365246, 61.26198751, 61.26198751, 61.4923353]
[66.79031573, 65.43854743]
[63.06179545, 59.03910437, 59.03910437, 54.06428574, 54.06428574, 51.67860208, 51.67860208, 51.60472728, 51.60472728, 54.28387681]
[65.71646212, 65.56647366, 65.56647366, 64.25781273]
[44.49855337, 44.49855337]
[57.08254651, 55.98061759, 55.98061759, 53.66849306, 53.66849306, 54.58515228, 54.58515228, 56.58223677, 56.58223677, 57.19932851, 57.19932851, 57.08254651]
[47.77933701, 47.77933701]
[55.17199339, 55.85034058, 55.85034058, 54.89429192, 54.89429192, 54.78537508, 54.78537508, 55.17199339]
[51.53556985, 51.53556985]
[49.01590606, 49.68201519, 49.68201519, 46.0281037]
[46.08791894, 46.08791894]
[55.62826771, 56.73765523, 56.73765523, 57.9703736, 57.9703736, 56.59856271, 56.59856271, 55.62826771]
[61.75111888, 56.38234478, 56.38234478, 53.69473296, 53.69473296, 57.03259792, 57.03259792, 55.95984301, 55.95984301, 54.92541525, 54.92541525, 49.31330288]
[54.98799884, 54.98799884]
[51.85171354, 51.36701398, 51.36701398, 51.78999066]
[-0.66674709, -1.44952231, -1.44952231, 3.39759862, 3.39759862, 10.95910186, 10.95910186, 17.52911621]
[1.76537705, 6.02935289, 6.02935289, 10.52969772, 10.52969772, 15.429763099999999, 15.429763099999999, 20.52403384]
[3.31272688, 3.31272688]
[5.30557355, 7.60428312, 7.60428312, 1.85470456]
[14.12263297, 11.95813254, 11.95813254, 10.23584294]
[21.24502058, 21.06258094, 21.06258094, 20.89618496, 20.89618496, 17.79265307, 17.79265307, 14.89914477]
[8.25817475, 6.52981394, 6.52981394, 6.61439464, 6.61439464, 8.73284563]
[15.64680922, 14.57233687, 14.57233687, 14.26332609, 16.24301299, 14.57233687, 14.57233687, 12.27897116]
[21.45916332, 21.45916332]
[20.21894121, 20.21894121]
[21.35284143, 21.35284143]
[38.31469771, 38.31469771]
[23.09552528, 23.09552528]
[33.06179861, 32.33070408, 32.33070408, 33.16702114, 33.16702114, 36.04227697, 36.04227697, 34.9317394, 34.9317394, 34.20256022, 34.20256022, 36.81573666]
[30.24933506, 28.26861975, 30.24933506, 28.93710321, 28.93710321, 28.26861975, 28.26861975, 27.26826273, 27.26826273, 28.15722194, 28.15722194, 28.53646316, 28.53646316, 28.93710321, 26.22697321, 26.8257216, 26.8257216, 26.619750899999996, 26.619750899999996, 27.281528499999997, 27.281528499999997, 28.53646316, 27.26826273, 26.8257216, 26.22697321, 25.91288804, 25.91288804, 26.09861325, 26.09861325, 25.84618178, 25.84618178, 26.00182892, 26.00182892, 25.87035539, 25.87035539, 27.281528499999997]
[-0.82385424, -3.00345887, -3.00345887, -3.65151412]
[8.06095499, 7.33612254, 7.33612254, 6.10150342]
[30.68240198, 27.97387214, 27.97387214, 24.74975451, 24.74975451, 20.17974575]
[23.18838442, 18.89162177, 18.89162177, 14.19480263, 14.19480263, 10.54526139]
[48.04234956, 47.15665934]
[42.91446855, 41.4994335]
[33.09423881, nan]
[24.83958739, 26.1106045, 26.1106045, 27.72249917, 27.72249917, 28.76247025, 28.76247025, 20.54712356, 20.54712356, 13.86370983, 13.86370983, 4.20352956, 4.20352956, -2.897122, -2.897122, -9.77334973, -9.77334973, -15.39840835, -15.39840835, -15.72514757]
[21.489648499999998, 19.15302185, 19.15302185, 17.04699349, 17.04699349, 15.66473327, 15.66473327, 15.42192602, 15.42192602, 10.53885916, 10.53885916, 6.42551971, 6.42551971, 4.477579799999999, 4.477579799999999, -3.69397562, -3.69397562, -4.69260809, -4.69260809, -10.567151800000001]
[-8.2080587, -8.11872126, -8.11872126, -7.07958249, -7.07958249, -5.74457168, -5.74457168, -5.08649188, -5.08649188, -6.2449569, -6.2449569, -8.2080587]
[-10.96315727, -10.78280069]
[4.56691684, 2.70745875]
[2.50243928, 2.93158759, 1.30510936, 2.50243928, 2.50243928, 4.36864674]
[8.73379361, 9.56365345]
[20.04528382, 20.83364838]
[20.81457203, 21.59568814]
[12.56057584, 12.56057584]
[14.39025314, 14.39025314]
[18.43318381, 14.0921003, 14.0921003, 13.56773647, 13.56773647, 12.74085469]
[1.02892219, 1.98410056]
[9.37505626, 10.16544339, 10.16544339, 8.58257816, 8.58257816, 7.24770528, 7.24770528, 5.24684013]
[4.21981484, 1.02014536, 1.02014536, 1.21058377, 1.21058377, 4.14034239]
[35.65822638, 31.35915517, 31.35915517, 29.10549164, 29.10549164, 26.71491041, 26.71491041, 26.29551419, 26.29551419, 26.06854936, 26.06854936, 26.87802632, 26.87802632, 29.85107821, 29.85107821, 33.30538815, 33.30538815, 35.65822638]
[40.77701519, 38.92246103, 38.92246103, 37.39407872, 37.39407872, 37.94676324, 37.94676324, 37.37696091, 37.37696091, 40.39063671, 40.39063671, 38.30788348]
[40.00783707, 37.25052158, 37.25052158, 34.69569698, 34.69569698, 32.47027246, 32.47027246, 33.56826922, 33.56826922, 30.92633926, 30.92633926, 31.60188695, 31.60188695, 33.79914473, 33.79914473, 30.89173424]
[36.80915527, 37.29134328, 37.29134328, 37.14592396]
[-11.16124491, -0.59593821]
[-4.92438824, -6.25571065]
[3.53807968, 3.65902506]
[-5.53892987, -5.53892987]
[21.26406422, 22.49583157, 22.49583157, 19.955663]
[-18.72883645, -18.30861062]
[-26.49523551, -23.17141246]
[-44.803531400000004, -42.15774562, -42.15774562, -36.36869575, -36.36869575, -34.45063035, -34.45063035, -36.71208109, -36.71208109, -37.80313606, -37.80313606, -41.58840727, -41.58840727, -42.23282785, -42.23282785, -43.13916095, -43.13916095, -43.36850529]
[-41.68765971, -42.47368506, -42.10070526, -41.17958035, -41.17958035, -41.68765971]
[-49.90621586, -53.46636269]
[-47.38814127, -49.42575765, -49.42575765, -49.51892657]
[-45.22138996, -45.186881400000004, -45.186881400000004, -46.05808391]
[-45.60336989, -47.28826634, -47.28826634, -46.89863029]
[-39.51176599, -37.88526711, -37.88526711, -40.22194466]
[-39.40727983, -39.75496493, -39.75496493, -41.49756484]
[-10.274044, -5.99952622, -5.99952622, -2.22795009, -10.274044, -13.37116634]
[19.18726997, 19.18726997]
[-20.4393776, -19.96995233, -19.96995233, -18.71588164, -18.71588164, -18.20066197, -18.20066197, -16.30200362, -16.30200362, -14.97165584, -14.97165584, -16.17905873]
[16.96440296, 16.4183013, 16.4183013, 13.72833113]
[18.39858742, 17.45677436, 17.45677436, 15.79780583]
[-24.80626639, -27.75373395]
[-27.26110002, -26.68201883]
[-16.04161047, -19.79163143, -19.79163143, -14.78955365, -14.78955365, -9.38286694]
[-3.43014112, -3.43014112]
[35.50947085, 35.50947085]
[27.07417383, 29.74480735, 29.74480735, 30.37114497]
[19.10063329, 22.25996072, 22.25996072, 19.2268349]
[16.30680118, 15.26336094, 15.26336094, 13.97525489, 13.97525489, 12.95957667, 12.95957667, 10.101009699999999, 10.101009699999999, 13.00437724, 13.00437724, 16.30680118]
[-25.28185602, -21.411280899999998, -21.411280899999998, -24.64213517]
[-52.09907465, -49.08863539, -49.08863539, -52.38331777]
[-28.13507099, -23.81805841]
[-48.73770212, -48.73770212]
[-34.35881656, -33.30056091, -33.30056091, -35.17322549]
[-31.51912564, -30.14866233, -30.14866233, -30.91841299]
[-37.80311642, -36.63458507, -36.63458507, -37.79342394]
[-36.26116729, -36.85843627, -36.85843627, -36.76750151]
[-38.7335881, -40.64745946, -40.64745946, -41.16669497]
[-42.10414199, -43.13386699, -43.13386699, -43.57529383]
[-44.68957314, -45.27979406, -45.27979406, -47.05119386]
[-46.7326907, -47.87519201, -47.87519201, -47.92746963]
[-42.56748493, -44.66055926, -44.66055926, -44.95833688]
[-19.80539286, -22.62162024, -22.62162024, -26.1140428, -26.1140428, -29.21401221, -20.66913479, -19.80539286]
[-20.66913479, -20.868654100000004]
[-19.46064684, -19.46064684]
[-20.03721137, -18.45619698, -18.45619698, -16.61264015]
[-17.74216462, -21.46647783, -21.46647783, -23.44711764, -23.44711764, -25.11515935]
[nan, -14.27931773, -14.27931773, -16.7296223, -16.7296223, -15.67267949]
[-25.32708018, -25.32708018]
[-36.80221297, -33.62710488]
[-25.59275259, -26.43194608, -26.43194608, -28.21596156]
[-39.19298857, -35.25535553, -39.19298857, -34.70432087, -41.11949816, -38.39664079, -41.11949816, -41.74439602, -43.91202357, -47.37190984, -43.91202357, -47.5547359, -41.81714208, -42.85885401, -41.81714208, -40.83962254, -39.19298857, -41.11949816, -41.11949816, -43.91202357, -43.91202357, -41.81714208, -41.81714208, -39.19298857]
[-34.29260982, -38.04732717, -38.04732717, -42.36201968, -42.36201968, -43.23849039, -43.23849039, -42.99782155, -42.99782155, -40.12698197, -40.12698197, -39.02992092, -39.02992092, -37.10374835, -39.02992092, -37.29574016, -38.04732717, -38.01747781]
[-38.01747781, -38.01747781]
[-46.6365001, -46.50559076, -46.50559076, -49.41515481, -49.41515481, -49.87598159, -49.87598159, -48.87338828]
[-23.96258036, -24.17502346, -24.17502346, -24.99948797, -24.99948797, -26.60004896]
[-37.04337105, -37.04337105]
[-34.75270986, -34.75270986]
[-30.42365007, -29.82803914, -29.82803914, -34.3843146, -34.3843146, -36.76128103]
[-43.50736445, -45.96832919, -45.96832919, -49.07003097]
[-35.90136032, -35.90136032]
[-21.05883031, -25.42124732, -25.42124732, -26.9907794, -26.9907794, -26.29659428, -26.29659428, -27.66981416, -27.66981416, -29.88011429]
[-21.10662433, -21.74135451, -21.74135451, -21.02352534, -21.02352534, -18.95288215, -18.95288215, -17.84725155, -17.84725155, -15.95500233]
[1.81893472, -0.42809819, -0.42809819, -4.88233456, -4.88233456, -3.69900363, -3.69900363, -5.73901832, -5.73901832, -5.84621426, -5.84621426, -9.77410171, -9.77410171, -9.05255357, -9.05255357, -8.24330819]
[-37.90423953, -37.06275714, -37.06275714, -37.10708855, -37.10708855, -37.34318339, -37.34318339, -38.32331062, -38.32331062, -38.72593259, -38.72593259, -39.70390941, -39.70390941, -42.31245871, -42.31245871, -43.18577561, -43.18577561, -43.67999681, -43.67999681, -42.71060161, -42.71060161, -42.09499443, -42.09499443, -40.4966376, -40.4966376, -39.34070677, -39.34070677, -37.90423953]
[-16.12397392, -19.04486185]
[-28.75907603, -28.065349400000002, -28.065349400000002, -24.88708859, -24.88708859, -23.81601126, -23.81601126, -23.70116777, -23.70116777, -24.91527108, -24.91527108, -27.04263452, -27.04263452, -28.45701627, -28.45701627, -28.75907603]
[-24.88356664, -24.50844892]
[-26.29968718, -26.19582739, -26.19582739, -27.70987972, -27.70987972, -27.1698625, -27.1698625, -26.29968718]
[-37.53872252, -40.03463308, -40.03463308, -43.44491571, -43.44491571, -45.27856526, -45.27856526, -41.8684135, -41.8684135, -39.87433805, -39.87433805, -37.53872252, -35.27624433, -39.87433805, -35.42142487, -40.03463308, -43.44491571, -44.45891013, -45.1129325, -41.8684135]
[-32.9890014, -32.9890014]
[-14.78140119, -18.21169433, -18.21169433, -18.58298474, -18.58298474, -17.81366828, -17.81366828, -14.78140119, -14.78140119, -12.75904403, -14.78140119, -12.54485877]
[-19.1185068, -21.80990013, -21.80990013, -27.03253576, -22.39149166, -24.94372528, -24.94372528, -28.66327932, -23.77498736, -25.99985039, -25.99985039, -31.59814237, -25.99985039, -24.94372528, -24.94372528, -21.80990013]
[-47.29166239, -46.22689249, -46.22689249, -44.51596141, -46.22689249, -46.61467113, -46.61467113, -45.02189994, -46.61467113, -49.93785461, -46.61467113, -47.3028979, -44.8486946, -47.3028979, -47.3028979, -49.498876700000004]
[6.40793334, 8.86738491, 8.86738491, 10.61326869]
[39.66997686, 38.78299311, 38.78299311, 37.60505025]
[16.03127337, 16.78911537, 16.78911537, 18.53425912, 18.53425912, 19.49209287, 19.49209287, 19.99087704, 19.99087704, 20.9147888, 20.9147888, 17.79300261, 17.79300261, 15.19746767, 15.19746767, 13.54810109]
[5.39778241, 7.61315784, 7.61315784, 7.37931918, 7.37931918, 4.83482079, 4.83482079, 3.11457923, 3.11457923, -1.28655047, -1.28655047, -2.78886135, -2.78886135, -5.41587489, -5.41587489, -7.02747069]
[-1.07859255, -0.82147569, -0.82147569, -0.70902114, -0.70902114, 1.00567827]
[-14.95471233, -16.12435941, -16.12435941, -18.1386063]
[36.89860518, 33.36267788, 33.36267788, 32.68955312, 32.68955312, 36.10016754]
[43.9458926, 39.14596968, 39.14596968, 38.13372778, 38.13372778, 36.31786478, 36.31786478, 34.45297707]
[-9.49568988, -8.98323782, -8.98323782, -5.50704421, -5.50704421, -5.02760303]
[-2.54991814, -1.10507951, -1.10507951, -2.8854763, -2.8854763, -3.35774231]
[13.02720146, 13.31512567, 13.31512567, 11.37769664, 11.37769664, 11.30333217, 11.30333217, 13.02720146, 13.02720146, 14.67418482]
[16.12477326, 15.9120527, 15.9120527, 14.59520289, 14.59520289, 14.58287886, 14.58287886, 15.07468224, 15.07468224, 16.12477326]
[30.22708128, 34.8968812, 34.8968812, 38.04432043, 38.04432043, 41.16719384, 41.16719384, 45.28033423, 45.28033423, 46.81567038, 46.81567038, 45.13069195, 45.13069195, 40.2566815, 40.2566815, 33.96945334, 33.96945334, 30.22708128]
[53.36816064, 51.72946747, 51.72946747, 54.973395, 54.973395, 52.98816657]
[52.97452091, 55.53940044, 55.53940044, 57.04561627, 57.04561627, 58.80058520000001, 58.80058520000001, 56.58817842, 56.58817842, 54.2859522, 54.2859522, 50.82259866]
[-26.91912642, -25.27051682]
[-33.43193038, -33.43193038]
[-17.92285285, -21.51399111]
[-33.779673200000005, -33.779673200000005]
[-32.25776681, -32.25776681]
[-26.88093351, -26.88093351]
[-17.23271095, -19.85493122]
[-32.34163849, -32.34163849]
[-25.00574796, -25.00574796]
[-20.65169052, -16.83455521]
[-32.17248551, -32.17248551]
[-27.61905854, -27.61905854]
[-5.57115593, 5.2480739000000005]
[2.68613092, 2.24376298]
[5.68015144, 5.77167281]
[10.00771855, 10.13194861]
[17.35004352, 17.28595705]
[-21.80716659, -22.41137838]
[-7.82110592, -7.78323706]
[-37.3648229, -37.25363145, -37.25363145, -36.55622318, -36.55622318, -34.04372111, -34.04372111, -32.98839827, -32.98839827, -32.54844042, -32.54844042, -29.91653781, -29.91653781, -28.45373726, -28.45373726, -27.30636802, -27.30636802, -29.69608094, -29.69608094, -33.04789185, -33.04789185, -33.67875173, -33.67875173, -34.53457113, -34.53457113, -37.3648229]
[-41.62720198, -46.96061593, -46.96061593, -46.88456594, -46.88456594, -41.41411843]
[-33.94461293, -31.23853096, -31.23853096, -29.16601809]
[-0.31982656, 6.197789, 6.197789, 9.87500791, 6.197789, 1.37739245]
[-0.02006304, -1.38735315, -0.02006304, -0.11736123, -0.02006304, 1.37739245]
[30.17427852, 28.79369216, 30.17427852, 28.74322228, 30.17427852, 25.92513878, 30.17427852, 25.64500284]
[28.33051592, 28.96400385, 28.96400385, 25.3450461]
[37.74873483, 34.60471273, 34.60471273, 33.17826747]
[44.27628068, 43.12338985, 43.12338985, 42.95396372, 42.95396372, 39.53664936, 39.53664936, 38.28360055, 38.28360055, 38.53382684, 38.53382684, 40.41349052, 40.41349052, 39.53664936]
[77.63196681, 75.3875815, 75.3875815, 73.64312707, 73.64312707, 72.34119936, 72.34119936, 71.31118695, 71.31118695, 70.56069481, 70.56069481, 69.75190057, 69.75190057, 68.8802532, 68.8802532, 72.53176245]
[58.415189899999994, 56.94538131, 56.94538131, 56.79571012, 58.20124992, 56.94538131, 56.94538131, 57.04346522]
[-4.22776291, -6.55488734, -6.55488734, -7.19444293, -7.19444293, -5.38721152]
[-21.59802435, -23.68244261, -23.68244261, -24.76265507, -24.76265507, -25.89813249, -25.89813249, -25.18092537, -25.18092537, -23.65911659, -23.65911659, -22.24071252, -22.24071252, -21.23268636, -21.23268636, -21.07470081, -21.07470081, -20.73995246, -20.73995246, -21.59802435]
[-0.90623994, -2.15533588]
[15.20536786, 28.08245462, 28.08245462, 23.7403592, 28.08245462, 24.60168486, 28.08245462, 29.3076892]
[29.3076892, 30.22130866]
[24.60168486, 23.56567939]
[23.7403592, 23.40401243]
[10.33150851, 12.76049243, 12.76049243, 9.82210111, 9.82210111, 9.40952259, 9.40952259, 11.72894102, 11.72894102, 9.83555733]
[12.17408381, 10.83139111]
[-3.55580738, -6.01397169, -6.01397169, -5.70783255, -5.70783255, -3.02747891, -3.02747891, -3.55580738, -3.55580738, -6.048526799999999, -6.048526799999999, -7.57967878, -7.57967878, -10.67788619, -10.67788619, -13.86954013, -13.86954013, -16.12656595, -16.12656595, -16.66225343, -16.66225343, -19.46601352, -19.46601352, -18.86630105, -18.86630105, -16.12656595]
[-37.81835895, -35.54448803, -35.54448803, -32.53183574]
[-29.62183701, -29.62183701]
[-32.34602798, -32.34602798]
[58.54890978, 58.65185164, 58.65185164, 57.49939052, 57.49939052, 57.45137702, 57.45137702, 53.21404995, 53.21404995, 52.8165694, 52.8165694, 52.65445283, 52.65445283, 50.67691966, 50.67691966, 50.28244976, 50.28244976, 49.73355094, 49.73355094, 50.05168397, 50.05168397, 49.40597489, 49.40597489, 49.01528336, 49.01528336, 48.62519601, 48.62519601, 46.45917621, 46.45917621, 44.33397776, 44.33397776, 43.2680761, 50.28244976, 51.54537399, 50.28244976, 52.22949951, 50.28244976, 50.82328938, 50.28244976, 49.47640074, 50.28244976, 47.70689488]
[-42.67632489, -38.42197898, -38.42197898, -39.91490183, -39.91490183, -40.14866597, -40.14866597, -35.13339606, -33.53278805, -35.00082229, -35.00082229, -39.91490183, -39.91490183, -42.30512197, -42.30512197, -42.17203471]
[-7.78053784, -8.82382948, -8.82382948, -10.50949443]
[-9.9743269, -11.91089898, -11.91089898, -14.40143843]
[-15.44797581, -14.54474243, -14.54474243, -14.22204281]
[-18.90915459, -18.67836913, -18.67836913, -17.81653327]
[-20.91452506, -20.64186122, -20.64186122, -20.10034505]
[-9.1824899, -7.72646619, -7.72646619, -9.08769554]
[-17.07915256, -15.82075994, -15.82075994, -19.17513859]
[-13.07089129, -11.61651887, -11.61651887, -13.59253756]
[-18.83030716, -19.61287445, -19.61287445, -20.70785949]
[-23.99107868, -26.07356883, -26.07356883, -27.0436148]
[-17.46031368, -14.58565069, -14.58565069, -16.74214759]
[-16.84489999, -17.90332874, -17.90332874, -18.62275248]
[-14.19384149, -12.83144751, -12.83144751, -13.52940359]
[-13.06030596, -13.45844256, -13.45844256, -11.44969884]
[-21.17248555, -22.45759248, -22.45759248, -23.7431168]
[15.18361593, 29.09082805]
[6.86359373, 5.62735374, 5.62735374, 6.37909727, 6.37909727, 3.28224524, 3.28224524, 3.82006998]
[0.10934429, 1.7804171999999998, 1.7804171999999998, 1.25583758, 1.25583758, -1.24753498]
[50.51254151, 48.28438262, 48.28438262, 47.863963, 47.863963, 47.02463657, 47.02463657, 44.48850971, 44.48850971, 44.39448925, 44.39448925, 46.07227117, 46.07227117, 48.15237121, 48.15237121, 51.43309422, 51.43309422, 52.01992467, 52.01992467, 50.51254151]
[-30.94550599, -29.35746436, -29.35746436, -31.55204219, -29.35746436, -29.55820696, -29.55820696, -33.0070446]
[11.20628336, 11.14580908]
[41.07895474, 38.49925513, 38.49925513, 35.62083048, 35.62083048, 33.11480731, 33.11480731, 31.42476555, 31.42476555, 30.08972962, 30.08972962, 27.26408682, 27.26408682, 24.58376482, 24.58376482, 21.03467568, 21.03467568, 23.41775997, 23.41775997, 24.26737703, 24.26737703, 29.312369, 29.312369, 30.86122579, 30.86122579, 33.71935227, 33.71935227, 35.39951013, 35.39951013, 39.45867141, 39.45867141, 41.07895474]
[2.76376048, 3.18747844, 3.18747844, 5.48760445, 5.48760445, 6.14393314, 6.14393314, 7.57548895, 7.57548895, 7.89007256, 7.89007256, 7.58520186]
[-1.1442206, -4.83635047, -4.83635047, -2.5002128, -2.5002128, -0.5089949, -0.5089949, 3.61452038, 3.61452038, 5.650221299999999, 5.650221299999999, 3.38517465, 3.38517465, -1.1442206]
[-17.9866841, -17.9866841]
[29.57939727, 29.57939727]
[47.2418241, 55.14994765, 55.14994765, 59.23209665, 59.23209665, 60.55137091, 60.55137091, 63.67014686, 63.67014686, 64.62163894, 64.62163894]
[60.23540347, 60.23540347]
[60.71674966, 57.81654770000001, 57.81654770000001, 56.53740928, 56.53740928, 53.89693161, 59.15021814, 60.71674966, 59.15021814, 57.81654770000001, 59.15021814, 56.53740928, 59.15021814, 53.89693161]
[62.93178781, 62.93178781]
[23.46277743, 20.80829949, 20.80829949, 19.29409264]
[23.16783614, 19.90116135, 19.90116135, 19.50040351, 19.50040351, 21.21098318, 21.21098318, 23.16783614, 23.16783614, 25.23521368]
[20.27015091, 18.46067238, 18.46067238, 18.35567537, 18.35567537, 15.34583101, 15.34583101, 16.40588595, 16.40588595, 18.46067238]
[-21.07777193, -15.93955597, -15.93955597, -10.33494526, -10.33494526, -8.18275372, -8.18275372, -10.181928, -10.181928, -10.60927365]
[-30.72384252, -29.29683966, -29.29683966, -30.00156583]
[50.6887655, 48.62848641, 48.62848641, 44.38612827, 44.38612827, 41.40638491, 41.40638491, 40.57710624, 40.57710624, 37.95293583, 37.95293583, 37.251804, 37.251804, 34.98739204, 34.98739204, 30.30321507, 30.30321507, 28.64267411, 28.64267411, 42.32984832, 42.32984832, 50.6887655]
[27.70717078, 29.24742385, 29.24742385, 27.26079044]
[10.11421979, 8.460088699999998, 8.460088699999998, 8.8467523, 8.8467523, 10.61059804, 10.61059804, 10.11421979, 10.11421979, 8.90740111, 8.90740111, 4.08992539, 4.08992539, 5.59330163, 5.59330163, 3.23617162, 3.23617162, 0.32851679999999994, 0.32851679999999994, -0.69534847, -0.69534847, -1.03481751, -1.03481751, -0.88474037, -0.88474037, -2.97706055]
[12.93668186, 11.33648129, 11.33648129, 9.7327724, 9.7327724, 9.02906504]
[55.10607111, 52.76248991, 52.76248991, 49.61350009, 49.61350009, 44.85788896, 44.85788896, 40.955651200000005, 40.955651200000005, 38.84053298, 38.84053298, 38.31890838, 38.31890838, 40.19438688]
[55.89552955, 53.50645031, 53.50645031, 49.86124281, 49.86124281, 48.19270068, 48.19270068, 47.7876533, 47.7876533, 47.71259359, 47.71259359, 48.40937312, 48.40937312, 50.29563944, 50.29563944, 50.35135022]
[39.66282739, 39.66282739]
[50.69569169, 50.69569169]
[24.46737879, 24.28957712, 24.28957712, 24.36785796, 24.36785796, 24.1134484, 24.1134484, 24.10524193, 24.10524193, 23.94846207, 23.94846207, 24.05352412]
[27.60757659, 27.60757659]
[22.0820679, 22.0820679]
[20.7421051, 20.80351283, 20.7421051, 21.14714057, 20.7421051, 21.04462873, 20.7421051, 19.72669777]
[42.57854437, 40.01027315, 40.01027315, 35.79102701, 35.79102701, 31.88365776, 31.88365776, 32.28827325, 32.28827325, 33.96503899]
[33.09138142, 33.09138142]
[29.00128762, 27.60002519, 27.60002519, 26.48103948, 26.48103948, 25.62935771]
[-15.244319899999999, -12.290452, -12.290452, -9.45268375, -15.34111517, -11.87158159, -11.87158159, -10.77733458]
[-13.50824471, -12.1017353, -12.1017353, -9.76519868, -9.76519868, -9.45830584, -9.45830584, -8.8198405, -8.8198405, -8.89760976, -8.89760976, -13.85867594, -13.85867594, -18.57265077, -18.57265077, -21.0039789, -21.0039789, -23.62433613, -23.62433613, -21.7579421, -21.7579421, -21.63281597, -21.63281597, -23.248438, -23.248438, -23.87479582, -23.87479582, -24.61221253, -24.61221253, -24.01625677]
[19.18052092, 17.92798917, 17.92798917, 17.542584299999998, 17.542584299999998, 15.62770031, 16.50976164, 15.870946799999999, 15.870946799999999, 15.6183462, 15.6183462, 15.62770031, 15.62770031, 12.49037571, 16.50976164, 15.9180242]
[15.9180242, 15.9180242]
[22.81369394, 22.29398098]
[10.16091706, 11.14616933, 11.14616933, 11.70560822, 11.70560822, 12.51087423, 12.51087423, 10.16091706, 10.16091706, 9.46098377, 9.46098377, 8.89240989, 8.89240989, 8.19720135, 8.19720135, 5.98930909]
[21.93698219, 22.09669104, 22.09669104, 22.28487452, 22.28487452, 21.70483596, 21.70483596, 21.5900617, 21.5900617, 22.95697545]
[18.73486237, 18.83994085, 18.83994085, 17.1537068, 17.1537068, 15.90423807, 15.90423807, 18.73486237]
[-3.74533244, -6.73889608, -6.73889608, -8.23135939, -8.23135939, -8.96998497, -8.96998497, -10.78540651, -10.78540651, -13.04836725, -13.04836725, -10.2558889, -10.2558889, -6.47215975, -6.47215975, -7.64455846, -7.64455846, -3.74533244]
[33.16613537, 45.99902927, 45.99902927, 44.94743492, 44.94743492, 37.21276409, 37.21276409, 28.60787346]
[30.49244147, 31.35821889, 31.35821889, 32.192031400000005]
[37.30568175, 39.14847936, 39.14847936, 39.18113322]
[41.23464074, 43.82331397, 43.82331397, 41.07588953]
[33.26228774, 33.76421211, 33.76421211, 34.47598643, 34.47598643, 33.95806265, 33.95806265, 33.37200411]
[41.02925326, 41.80466344, 41.80466344, 41.08633916]
[21.14259299, 21.14259299]
[15.59727157, 15.40418059, 15.40418059, 13.51457755, 13.51457755, 11.42597336, 11.42597336, 10.15114511, 10.15114511, 8.90025258, 8.90025258, 6.96124744, 6.96124744, 5.60510146, 5.60510146, 2.44067149]
[1.38087416, -0.04399115, -0.04399115, -2.47339212, -2.47339212, -3.3524480000000003, -3.3524480000000003, -8.50357425, -8.50357425, -8.79424587, -8.79424587, -13.76924994, -13.76924994, -16.21728342, -16.21728342, -20.05188078]
[-29.76583186, -30.56231049, -30.56231049, -34.01698632, -34.01698632, -33.79833145, -33.79833145, -37.62012878, -37.62012878, -36.2001125, -36.2001125, -37.31334485, -37.31334485, -40.27451075, -40.27451075, -41.36951768, -41.36951768, -43.07154929, -43.07154929, -40.30473491, -40.30473491, -39.85530905, -39.85530905, -42.89163328]
[9.93416294, 9.48958528, 9.93416294, 9.291412]
[27.61228536, 25.95391597, 25.95391597, 23.26363207, 23.26363207, 20.13845865]
[29.49871224, 32.45494059, 32.45494059, 38.4455521, 38.4455521, 39.391115299999996, 39.391115299999996, 39.90258791, 39.90258791, 42.48901214, 42.48901214, 46.68553561, 46.68553561, 49.28789903, 49.28789903, 53.45239515]
[7.40703634, -1.94257841, -1.94257841, -1.20191725, -1.20191725, -0.2990934, -0.2990934, -8.20163919, -0.2990934, 6.34973451, -1.94257841, -9.66960186]
[-4.83834045, -5.41606331, -5.41606331, -5.90989984]
[-8.75407607, -7.17397802, -7.17397802, -5.08626282, -5.08626282, -6.84438616]
[-22.37085673, -21.23973932]
[-11.86914287, -12.94128833, -12.94128833, -13.17677698, -13.17677698, -12.31560456]
[-17.82229227, -20.75923214, -20.75923214, -22.44748663, -22.44748663, -20.87751376]
[-22.37373687, -22.37373687]
[16.54047526, 20.57029939, 20.57029939, 21.76123162, 21.76123162, 25.13115531, 21.76123162, 20.2121672, 20.2121672, 22.51385027, 20.2121672, 16.39941482, 16.39941482, 20.57029939, 16.39941482, 12.89605513, 22.51385027, 22.50682376]
[22.50682376, 22.50682376]
[5.22750767, 8.28940893, 8.28940893, 11.66955984]
[28.02631031, 31.88863645, 31.88863645, 31.78407932]
[21.98233941, 20.44371648, 20.44371648, 21.44554856]
[33.96136985, 30.24528065, 30.24528065, 27.79828561, 27.79828561, 26.89600343, 26.89600343, 24.39812929]
[34.58463287, 34.58463287]
[22.63551163, 22.63551163]
[14.76852318, 14.20881425, 14.20881425, 16.14320591, 16.14320591, 16.13044684, 16.13044684, 14.76852318]
[19.88406657, 18.51016877, 18.51016877, 17.67451551, 17.67451551, 15.82669239]
[10.95184577, 8.03728277, 8.03728277, 7.33297921, 7.33297921, 4.59283881]
[-18.23745713, -19.25570928, -19.25570928, -22.96483318, -22.96483318, -23.41843727, -23.41843727, -22.71460054, -22.71460054, -22.42728352, -22.42728352, -19.16600403, -19.16600403, -16.48442713, -16.48442713, -14.93528629, -14.93528629, -11.77324372, -11.77324372, -11.53000982, -11.53000982, -12.39190922, -12.39190922, -14.14574673, -14.14574673, -18.23745713]
[-17.95591658, -17.95591658]
[-32.58012947, -33.43627251]
[-35.28330688, -35.76929225]
[-34.07404941, -35.47043592]
[1.91448227, -0.49278056]
[-16.71314306, -16.71314306]
[-24.85978401, -29.30311979, -29.30311979, -32.50848752, -32.50848752, -28.97208931, -28.97208931, -27.93484165, -27.93484165, -26.39320776, -26.39320776, -24.95438447, -24.95438447, -24.71078019, -24.71078019, -24.85978401, -23.83330131, -26.39320776, -26.39320776, -29.30311979]
[-52.69571799, -52.69571799]
[18.09455771, 20.44127049, 20.44127049, 21.46859609, 21.46859609, 18.15486399, 18.15486399, 18.09455771]
[19.71934316, 19.71934316]
[24.08121618, 26.9354857, 26.9354857, 27.21862138, 27.21862138, 24.02235699, 24.02235699, 24.08121618]
[-9.55108315, -8.18535824, -9.55108315, -8.88091851, -9.55108315, -12.19289276, -12.19289276, -14.56382026, -14.56382026, -15.26385208, -15.26385208, -14.52390109]
[-1.89705972, -2.15160482, -2.15160482, -3.90636482, -3.90636482, -7.98233083, -7.98233083, -7.23372781, -7.23372781, -3.44297063, -3.44297063, -1.89705972]
[-13.54770494, -13.54770494]
[-37.96859848, -37.09748689, -37.09748689, -40.49877843, -40.49877843, -40.8932956, -40.8932956, -37.92967246, -37.92967246, -43.19592394, -43.19592394]
[3.39866539, 3.34147477, 3.34147477, 5.70379868, 5.70379868, 6.41890691, 6.41890691, 5.83788486, 5.83788486, 5.9455277, 5.9455277, 5.09234249, 5.09234249, 2.31502422]
[11.300030699999999, 9.715798199999998, 9.715798199999998, 6.83577519]
[-8.65868335, -2.76895627, -2.76895627, -1.18465438, -1.18465438, -1.14265722, -8.65868335, -9.55562948, -9.55562948, -11.97488214, -11.97488214, -10.55196998, -8.65868335, -10.55196998]
[41.78344401, 38.45225024, 38.45225024, 36.80289763, 36.80289763, 34.39252592, 34.39252592, 31.16184064, 31.16184064, 29.97472479, 29.97472479, 26.18244091, 26.18244091, 22.96806545, 22.96806545, 23.77427792, 23.77427792, 26.00708498, 26.00708498, 23.4173284, 23.4173284, 19.84186032, 19.84186032, 16.76266572, 16.76266572, 11.96719513, 11.96719513, 9.89239902, 11.96719513, 9.30659431, 11.96719513, 9.99766389]
[36.70747818, 33.79626364, 33.79626364, 31.97622008, 31.97622008, 34.21556641]
[-5.91480636, -4.24328092, -4.24328092, -8.10491559]
[-43.43262406, -47.09771376, -47.09771376, -46.64875492, -46.64875492, -42.98910371, -42.98910371, -41.25373789, -41.25373789, -43.43262406]
[-14.84654997, -12.35383921, -12.35383921, -16.83609584, -16.83609584, -19.00926985, -14.84654997, -19.00926985, -14.84654997, -14.33224542, -16.83609584, -16.87663687]
[-36.26847322, -35.95134779999999, -35.95134779999999, -31.87183113, -31.87183113, -28.83392305, -28.83392305, -30.36528248, -30.36528248, -34.10331577, -34.10331577, -37.41312644, -37.41312644, -35.30830091, -35.30830091, -33.18641133, -33.18641133, -27.71005869, -27.71005869, -25.85853691, -25.85853691, -25.96541642, -25.96541642, -26.58961727, -26.58961727, -27.76956287, -27.76956287, -36.26847322]
[-10.3128395, -9.80225368, -9.80225368, -10.85938276, -10.85938276, -11.30320923, -11.30320923, -8.89772694, -10.85938276, -12.3568071, -12.3568071, -13.20224958, -13.20224958, -14.77904358, -14.77904358, -17.68401748, -17.15080863, -18.35061467, -18.35061467, -17.68401748, -17.68401748, -18.29909723, -18.29909723, -16.19413208, -18.35061467, -18.77990277, -18.77990277, -18.29909723, -18.77990277, -22.82560642, -22.82560642, -24.46405831, -24.46405831, -27.29359566, -27.29359566, -28.08061647, -28.47703681, -29.26137351, -29.26137351, -28.08061647, -28.08061647, -27.41268661, -27.41268661, -27.02897817]
[-42.22586959, -37.137462899999996, -37.137462899999996, -38.00970922, -38.00970922, -42.12206281, -38.00970922, -35.89093311]
[-23.39662306, -16.51509397, -16.51509397, -17.5419837, -17.5419837, -22.61979211, -22.61979211, -23.39662306, -17.5419837, -22.21583387, -16.51509397, -16.19586556, -22.61979211, -24.72877993]
[-22.21583387, -22.21583387]
[-16.19586556, -16.19586556]
[-24.72877993, -24.72877993]
[-26.74975369, -25.71406632]
[-31.08723547, -31.85752405, -31.85752405, -33.56997476, -33.56997476, -33.90813014]
[-41.02194744, -39.98724188, -39.98724188, -40.17881857, -40.17881857, -42.915701500000004, -42.915701500000004, -44.15140639, -44.15140639, -46.14572729, -46.14572729, -44.67251655, -44.67251655, -41.02194744]
[-57.17789116, -56.48877967, -56.48877967, -57.11256922, -57.11256922, -57.67610097, -57.67610097, -57.50373759, -57.50373759, -56.98782681, -56.98782681, -54.26413167, -54.26413167, -54.49101395, -59.14666538, -59.68873246, -59.68873246, -59.68581085, -59.68581085, -59.42391403, -59.42391403, -58.74890179, -58.74890179, -59.25324770000001, -59.25324770000001, -57.69654711, -57.69654711, -56.77936853, -60.98116057, -60.40136988, -60.40136988, -60.96823848, -60.96823848, -61.17835907, -61.17835907, -59.44206384, -59.44206384, -58.97504198, -63.09905586, -63.31294495, -63.31294495, -62.48939856, -62.48939856, -62.09010401, -62.09010401, -61.1151713, -61.1151713, -60.3176307, -64.00304555, -64.61363898, -64.61363898, -63.78848906, -63.78848906, -63.01982488]
