[3.0, 2.07, 2.07, 4.25, 4.25, 4.8, 4.8, 5.38]
[5.63, 6.27, 6.27, 5.52, 5.52, 6.12]
[4.58, 4.58]
[5.85, 5.85]
[3.29, 4.01, 4.01, 2.73, 2.73, 3.17, 3.17, 4.22, 4.22, 4.38, 4.38, 5.45, 5.45, 6.07]
[3.67, 3.85, 3.85, 3.82, 3.82, 4.54, 4.54, 5.69, 5.69, 5.44, 5.44, 4.85]
[5.15, 4.63]
[5.44, 5.26, 5.26, 4.94, 4.94, 6.45, 6.45, 6.21, 6.21, 5.44]
[4.57, 4.57]
[3.55, 3.55]
[5.02, 5.37, 5.37, 5.11, 5.11, 5.65]
[5.38, 5.96, 5.96, 5.36, 5.36, 6.12, 6.12, 5.75, 5.75, 5.38]
[5.19, 5.74]
[5.89, 4.24, 4.24, 1.97, 1.97, 4.35, 4.35, 4.21, 4.21, 4.29]
[6.05, 6.45, 6.45, 5.59, 5.59, 6.38, 6.38, 6.53, 6.53, 5.6, 5.6, 6.05]
[5.56, 5.56]
[4.77, 4.7, 4.77, 6.92, 4.77, 6.57, 4.77, 6.68]
[4.49, 5.94, 5.94, 5.95, 5.95, 4.46, 4.46, 4.97, 4.97, 5.18, 5.18, 5.28]
[5.1, 5.92, 5.92, 5.8, 5.8, 6.46, 6.46, 6.04, 6.04, 5.27, 5.27, 5.22, 5.22, 6.12, 6.12, 3.95]
[5.26, 6.14, 6.14, 4.39, 4.39, 5.13, 5.13, 5.63, 5.63, 6.33, 6.33, 5.56, 5.56, 5.97, 5.97, 5.35]
[4.74, 5.93, 5.93, 5.63, 4.59, 5.34, 5.34, 6.47]
[3.84, 4.6, 4.6, 4.82, 5.74, 3.07, 3.07, 4.51]
[4.03, 6.64, 6.64, 5.4, 5.4, 5.91, 5.91, 4.26, 4.26, 6.37, 6.37, 5.47, 5.47, 5.64]
[3.73, 4.86, 4.86, 2.79, 2.79, 2.24, 2.24, 3.82]
[5.91, 6.26, 6.26, 6.1, 5.48, 6.24, 6.24, 6.49]
[5.43, 5.23]
[3.65, 3.78, 3.78, 4.55, 4.55, 3.17, 3.17, 4.46, 4.46, 5.74]
[5.12, 4.94, 4.94, 6.07]
[3.0, 3.0]
[5.16, 4.82, 4.82, 5.55, 5.55, 5.12, 5.12, 5.66, 5.66, 5.79, 5.79, 5.16]
[3.69, 3.69]
[6.28, 5.73, 5.73, 6.63, 6.63, 5.63, 5.63, 6.28]
[6.21, 6.21]
[4.68, 5.14, 5.14, 5.88]
[4.18, 4.18]
[5.27, 6.29, 6.29, 6.35, 6.35, 5.83, 5.83, 5.27]
[1.81, 2.34, 2.34, 2.41, 2.41, 3.32, 3.32, 1.76, 1.76, 2.23, 2.23, 1.85]
[3.99, 3.99]
[4.04, 4.75, 4.75, 4.53]
[3.89, 2.74, 2.74, 3.39, 3.39, 2.85, 2.85, 4.32]
[3.59, 4.05, 4.05, 4.0, 4.0, 3.33, 3.33, 2.56]
[4.97, 4.97]
[6.46, 6.05, 6.05, 5.68]
[5.71, 6.11, 6.11, 4.88]
[4.89, 5.49, 5.49, 5.68, 5.68, 4.72, 4.72, 5.09]
[4.84, 4.04, 4.04, 4.65, 4.65, 4.12]
[5.53, 2.14, 2.14, 6.51, 6.05, 2.14, 2.14, 6.37]
[5.89, 5.89]
[4.5, 4.5]
[5.26, 5.26]
[5.61, 5.61]
[4.56, 4.56]
[4.99, 8.91, 8.91, 5.95, 5.95, 5.59, 5.59, 5.73, 5.73, 5.31, 5.31, 6.38]
[6.23, 4.35, 6.23, 5.71, 5.71, 4.35, 4.35, 4.92, 4.92, 6.38, 6.38, 6.47, 6.47, 5.71, 6.52, 4.98, 4.98, 5.52, 5.52, 6.01, 6.01, 6.47, 4.92, 4.98, 6.52, 5.29, 5.29, 5.17, 5.17, 4.78, 4.78, 6.16, 6.16, 5.66, 5.66, 6.01]
[4.3, 4.77, 4.77, 4.45]
[5.79, 4.62, 4.62, 4.98]
[5.36, 6.05, 6.05, 4.3, 4.3, 4.42]
[5.08, 5.5, 5.5, 5.49, 5.49, 5.32]
[3.12, 3.57]
[3.45, 3.06]
[3.49, 3.79]
[3.12, 4.41, 4.41, 3.42, 3.42, 3.84, 3.84, 4.19, 4.19, 2.99, 2.99, 4.62, 4.62, 3.23, 3.23, 3.32, 3.32, 3.54, 3.54, 2.43]
[2.78, 3.74, 3.74, 5.0, 5.0, 3.85, 3.85, 3.65, 3.65, 3.8, 3.8, 2.63, 2.63, 3.71, 3.71, 2.73, 2.73, 3.23, 3.23, 2.54]
[6.37, 4.58, 4.58, 6.3, 6.3, 5.61, 5.61, 4.53, 4.53, 6.08, 6.08, 6.37]
[6.15, 4.64]
[2.76, 3.75]
[4.03, 3.93, 4.42, 4.03, 4.03, 4.79]
[4.64, 3.71]
[5.1, 5.25]
[4.37, 4.26]
[2.08, 2.08]
[2.78, 2.78]
[5.35, 4.97, 4.97, 6.06, 6.06, 4.89]
[4.82, 3.82]
[3.19, 4.39, 4.39, 5.15, 5.15, 5.48, 5.48, 5.22]
[5.77, 6.02, 6.02, 5.89, 5.89, 4.34]
[4.79, 4.14, 4.14, 3.66, 3.66, 2.22, 2.22, 3.81, 3.81, 4.59, 4.59, 4.14, 4.14, 4.98, 4.98, 5.39, 5.39, 4.79]
[5.07, 3.48, 3.48, 5.53, 5.53, 5.43, 5.43, 4.31, 4.31, 3.49, 3.49, 3.04]
[5.17, 3.86, 3.86, 5.94, 5.94, 5.38, 5.38, 5.27, 5.27, 3.92, 3.92, 2.81, 2.81, 5.2, 5.2, 4.86]
[3.16, 4.64, 4.64, 4.15]
[0.98, 3.38]
[5.88, 4.68]
[5.35, 4.92]
[4.38, 4.38]
[4.92, 5.63, 5.63, 5.73]
[6.01, 4.74]
[5.73, 2.99]
[3.87, 2.33, 2.33, 2.06, 2.06, 4.19, 4.19, 2.75, 2.75, 4.85, 4.85, 5.59, 5.59, 5.78, 5.78, 6.16, 6.16, 5.24]
[3.41, 3.47, 3.83, 4.36, 4.36, 3.41]
[4.27, 2.29]
[2.3, 4.05, 4.05, 5.38]
[4.56, 4.78, 4.78, 3.55]
[4.34, 2.55, 2.55, 5.77]
[4.41, 4.05, 4.05, 6.12]
[3.9, 5.11, 5.11, 5.69]
[4.18, 4.07, 4.07, 4.81, 4.18, 4.52]
[-0.05, -0.05]
[6.49, 6.63, 6.63, 5.86, 5.86, 5.53, 5.53, 4.93, 4.93, 6.35, 6.35, 5.55]
[4.6, 4.49, 4.49, 3.78]
[2.68, 4.5, 4.5, 4.05]
[5.34, 4.78]
[5.07, 3.25]
[2.75, 4.54, 4.54, 3.91, 3.91, 2.61]
[3.54, 3.54]
[4.8, 4.8]
[2.35, 4.47, 4.47, 3.57]
[4.54, 5.91, 5.91, 5.4]
[4.84, 5.84, 5.84, 6.45, 6.45, 5.53, 5.53, 5.29, 5.29, 5.41, 5.41, 4.84]
[3.25, 5.72, 5.72, 5.27]
[3.41, 5.77, 5.77, 5.22]
[3.6, 4.97]
[3.88, 3.88]
[6.21, 5.85, 5.85, 4.06]
[4.91, 4.35, 4.35, 5.97]
[5.02, 5.89, 5.89, 4.01]
[3.57, 4.54, 4.54, 5.46]
[4.6, 3.22, 3.22, 2.8]
[3.13, 2.68, 2.68, 4.32]
[3.37, 4.07, 4.07, 3.91]
[5.26, 4.27, 4.27, 4.99]
[4.34, 4.64, 4.64, 4.55]
[2.56, 2.29, 2.29, 2.89, 2.89, 3.87, 3.93, 2.56]
[3.93, 4.31]
[4.0, 4.0]
[4.48, 4.22, 4.22, 4.29]
[4.91, 4.45, 4.45, 4.57, 4.57, 4.79]
[4.16, 4.95, 4.95, 4.13, 4.13, 5.41]
[4.59, 4.59]
[4.22, 3.97]
[2.9, 1.06, 1.06, 2.82]
[5.37, 4.18, 5.37, 4.24, 5.86, 3.42, 5.86, 4.99, 5.89, 5.13, 5.89, 4.46, 5.31, 5.46, 5.31, 5.64, 5.37, 5.86, 5.86, 5.89, 5.89, 5.31, 5.31, 5.37]
[2.29, 3.0, 3.0, 4.7, 4.7, 3.32, 3.32, 1.86, 1.86, 2.99, 2.99, 2.39, 2.39, 1.62, 2.39, 2.7, 3.0, 3.56]
[3.56, 3.56]
[5.47, 4.56, 4.56, 4.76, 4.76, 2.84, 2.84, 5.94]
[4.78, 4.16, 4.16, 3.27, 3.27, 4.33]
[3.19, 3.19]
[6.0, 6.0]
[2.98, 2.72, 2.72, 1.79, 1.79, 3.1]
[5.71, 3.49, 3.49, 4.1]
[5.98, 5.98]
[3.84, 2.82, 2.82, 3.17, 3.17, 2.05, 2.05, 3.32, 3.32, 2.6]
[3.52, 3.76, 3.76, 2.88, 2.88, 4.88, 4.88, 3.92, 3.92, 4.52]
[5.82, 6.34, 6.34, 3.43, 3.43, 5.4, 5.4, 4.02, 4.02, 4.83, 4.83, 5.82, 5.82, 4.7, 4.7, 3.85]
[4.11, 4.23, 4.23, 4.83, 4.83, 5.36, 5.36, 5.11, 5.11, 5.67, 5.67, 5.16, 5.16, 4.62, 4.62, 5.42, 5.42, 5.46, 5.46, 5.35, 5.35, 4.74, 4.74, 4.57, 4.57, 4.1, 4.1, 4.11]
[5.06, 5.88]
[5.99, 5.76, 5.76, 6.18, 6.18, 4.74, 4.74, 4.96, 4.96, 6.19, 6.19, 4.66, 4.66, 4.55, 4.55, 5.99]
[4.59, 5.02]
[4.7, 4.84, 4.84, 4.43, 4.43, 4.54, 4.54, 4.7]
[6.14, 5.89, 5.89, 5.7, 5.7, 6.24, 6.24, 4.12, 4.12, 5.32, 5.32, 6.14, 4.37, 5.32, 5.59, 5.89, 5.7, 3.96, 5.8, 4.12]
[5.37, 5.37]
[3.05, 5.08, 5.08, 5.94, 5.94, 4.77, 4.77, 3.05, 3.05, 4.77, 3.05, 3.58]
[5.28, 5.86, 5.86, 5.73, 6.13, 6.35, 6.35, 5.86, 6.36, 6.29, 6.29, 5.75, 6.29, 6.35, 6.35, 5.86]
[3.11, 4.9, 4.9, 5.12, 4.9, 6.3, 6.3, 6.15, 6.3, 6.4, 6.3, 5.57, 5.57, 5.57, 5.57, 6.46]
[3.71, 0.76, 0.76, 2.72]
[4.67, 0.03, 0.03, 4.34]
[5.73, 5.54, 5.54, 3.68, 3.68, 3.51, 3.51, 5.09, 5.09, 6.51, 6.51, 5.82, 5.82, 4.94, 4.94, 5.96]
[5.18, 5.89, 5.89, 4.45, 4.45, 5.59, 5.59, 3.36, 3.36, 4.36, 4.36, 5.03, 5.03, 4.98, 4.98, 4.93]
[6.05, 3.24, 3.24, 5.67, 5.67, 3.87]
[5.24, 5.79, 5.79, 5.15]
[4.22, 3.52, 3.52, 3.25, 3.25, 5.25]
[4.08, 4.43, 4.43, 4.35, 4.35, 5.17, 5.17, 4.74]
[3.78, 4.73, 4.73, 5.55, 5.55, 4.43]
[4.91, 4.31, 4.31, 4.91, 4.91, 6.12]
[5.39, 5.69, 5.69, 5.42, 5.42, 4.03, 4.03, 5.39, 5.39, 4.64]
[4.27, 3.77, 3.77, 3.64, 3.64, 6.01, 6.01, 4.43, 4.43, 4.27]
[3.21, 4.41, 4.41, 3.74, 3.74, 3.94, 3.94, 1.25, 1.25, 4.8, 4.8, 2.86, 2.86, 2.23, 2.23, 2.48, 2.48, 3.21]
[3.8, 3.76, 3.76, 5.89, 5.89, 5.03]
[5.51, 5.03, 5.03, 4.77, 4.77, 4.98, 4.98, 6.66, 6.66, 5.97, 5.97, 6.31]
[4.12, 4.13]
[5.47, 5.47]
[5.78, 5.91]
[4.89, 4.89]
[4.67, 4.67]
[6.04, 6.04]
[4.08, 4.82]
[5.2, 5.2]
[4.49, 4.49]
[5.17, 4.28]
[4.71, 4.71]
[5.41, 5.41]
[2.9, 3.92]
[5.63, 5.1]
[5.3, 5.66]
[4.47, 4.7]
[4.34, 5.34]
[4.5, 3.77]
[5.35, 4.17]
[3.0, 5.45, 5.45, 6.71, 6.71, 4.99, 4.99, 4.5, 4.5, 4.94, 4.94, 6.45, 6.45, 5.43, 5.43, 6.75, 6.75, 6.42, 6.42, 6.1, 6.1, 6.28, 6.28, 6.71, 6.71, 3.0]
[5.11, 1.73, 1.73, 2.07, 2.07, 4.84]
[5.97, 6.52, 6.52, 6.53]
[2.95, 3.52, 3.52, 2.38, 3.52, 4.8]
[3.65, 3.86, 3.65, 4.04, 3.65, 4.8]
[5.07, 5.52, 5.07, 4.49, 5.07, 5.09, 5.07, 4.14]
[4.78, 5.69, 5.69, 3.77]
[4.14, 5.34, 5.34, 4.28]
[4.5, 4.52, 4.52, 5.72, 5.72, 6.2, 6.2, 5.69, 5.69, 4.87, 4.87, 5.04, 5.04, 6.2]
[3.21, 4.41, 4.41, 5.08, 5.08, 4.79, 4.79, 4.55, 4.55, 3.23, 3.23, 6.5, 6.5, 5.59, 5.59, 6.23]
[4.07, 5.1, 5.1, 5.11, 3.39, 5.1, 5.1, 4.18]
[5.04, 6.15, 6.15, 5.92, 5.92, 5.75]
[5.12, 6.29, 6.29, 5.53, 5.53, 6.14, 6.14, 5.58, 5.58, 6.36, 6.36, 6.83, 6.83, 6.1, 6.1, 5.33, 5.33, 7.16, 7.16, 5.12]
[5.29, 4.74]
[2.49, 2.44, 2.44, 4.58, 2.44, 3.51, 2.44, 4.8]
[4.8, 2.93]
[3.51, 3.97]
[4.58, 4.42]
[5.09, 4.54, 4.54, 5.39, 5.39, 4.54, 4.54, 5.76, 5.76, 5.16]
[4.2, 3.41]
[4.88, 4.37, 4.37, 4.61, 4.61, 5.13, 5.13, 4.88, 4.88, 4.22, 4.22, 3.73, 3.73, 4.82, 4.82, 4.29, 4.29, 2.85, 2.85, 3.69, 3.69, 4.51, 4.51, 4.72, 4.72, 2.85]
[4.38, 6.34, 6.34, 4.41]
[1.17, 1.17]
[4.29, 4.29]
[4.89, 4.88, 4.88, 4.51, 4.51, 5.55, 5.55, 5.58, 5.58, 6.12, 6.12, 6.31, 6.31, 6.23, 6.23, 3.76, 3.76, 4.99, 4.99, 4.64, 4.64, 4.53, 4.53, 4.82, 4.82, 5.44, 5.44, 3.81, 3.81, 4.15, 4.15, 4.29, 3.76, 4.64, 3.76, 4.42, 3.76, 5.38, 3.76, 4.55, 3.76, 4.34]
[5.94, 5.9, 5.9, 5.42, 5.42, 6.62, 6.62, 5.24, 6.44, 6.41, 6.41, 5.42, 5.42, 2.4, 2.4, 6.53]
[5.13, 3.56, 3.56, 4.99]
[5.93, 5.74, 5.74, 5.7]
[5.27, 4.49, 4.49, 4.97]
[5.17, 5.28, 5.28, 4.82]
[4.7, 4.38, 4.38, 3.96]
[4.41, 4.93, 4.93, 4.24]
[6.15, 3.27, 3.27, 6.37]
[6.12, 5.8, 5.8, 4.05]
[4.68, 5.24, 5.24, 5.21]
[5.97, 6.43, 6.43, 4.18]
[6.39, 6.36, 6.36, 5.55]
[6.38, 6.28, 6.28, 6.19]
[6.04, 5.34, 5.34, 5.76]
[5.66, 5.2, 5.2, 6.37]
[3.68, 4.71, 4.71, 4.48]
[2.83, 2.07]
[4.03, 4.13, 4.13, 4.27, 4.27, 3.7, 3.7, 4.48]
[5.78, 4.49, 4.49, 4.95, 4.95, 5.91]
[4.8, 4.48, 4.48, 5.66, 5.66, 4.95, 4.95, 5.14, 5.14, 5.18, 5.18, 5.01, 5.01, 6.18, 6.18, 6.11, 6.11, 5.58, 5.58, 4.8]
[5.84, 4.3, 4.3, 5.5, 4.3, 5.55, 5.55, 4.86]
[6.07, 5.54]
[4.53, 3.86, 3.86, 2.07, 2.07, 6.04, 6.04, 5.15, 5.15, 4.51, 4.51, 4.74, 4.74, 4.67, 4.67, 4.66, 4.66, 4.4, 4.4, 4.08, 4.08, 4.34, 4.34, 3.27, 3.27, 4.34, 4.34, 5.45, 5.45, 5.3, 5.3, 4.53]
[3.82, 4.61, 4.61, 4.45, 4.45, 4.84, 4.84, 5.21, 5.21, 4.27, 4.27, 4.44]
[4.78, 5.4, 5.4, 5.42, 5.42, 5.87, 5.87, 5.13, 5.13, 5.51, 5.51, 6.39, 6.39, 4.78]
[2.04, 2.04]
[3.42, 3.42]
[4.26, 4.34, 4.34, 4.68, 4.68, 5.78, 5.78, 3.35, 3.35, 5.29, 5.29]
[2.66, 2.66]
[2.15, 3.46, 3.46, 2.24, 2.24, 3.69, 2.28, 2.15, 2.28, 3.46, 2.28, 2.24, 2.28, 3.69]
[4.17, 4.17]
[2.01, 2.64, 2.64, 3.88]
[6.45, 5.58, 5.58, 5.68, 5.68, 5.23, 5.23, 6.45, 6.45, 5.88]
[5.24, 5.9, 5.9, 6.01, 6.01, 3.62, 3.62, 5.98, 5.98, 5.9]
[3.99, 3.49, 3.49, 3.74, 3.74, 3.6, 3.6, 3.46, 3.46, 4.77]
[5.27, 4.68, 4.68, 5.34]
[4.01, 3.59, 3.59, 5.01, 5.01, 4.1, 4.1, 4.96, 4.96, 5.94, 5.94, 5.69, 5.69, 3.0, 3.0, 4.94, 4.94, 5.29, 5.29, 2.1, 2.1, 4.01]
[4.65, 4.52, 4.52, 3.61]
[4.27, 4.3, 4.3, 4.36, 4.36, 5.48, 5.48, 4.27, 4.27, 4.71, 4.71, 2.54, 2.54, 4.87, 4.87, 3.47, 3.47, 4.08, 4.08, 5.72, 5.72, 5.36, 5.36, 5.42, 5.42, 6.47]
[4.14, 5.14, 5.14, 3.73, 3.73, 3.61]
[5.76, 3.93, 3.93, 4.05, 4.05, 3.79, 3.79, 2.09, 2.09, 3.32, 3.32, 4.22, 4.22, 4.91]
[3.77, 2.91, 2.91, 1.79, 1.79, 4.32, 4.32, 3.01, 3.01, 3.96, 3.96, 4.12, 4.12, 4.6, 4.6, 4.25]
[4.68, 4.68]
[5.28, 5.28]
[4.3, 5.45, 5.45, 3.87, 3.87, 3.72, 3.72, 2.85, 2.85, 4.14, 4.14, 3.62]
[5.55, 5.55]
[4.36, 4.36]
[5.1, 6.07, 5.1, 5.27, 5.1, 4.87, 5.1, 4.35]
[3.77, 2.9, 2.9, 3.98, 3.98, 2.84, 2.84, 3.84, 3.84, 4.97]
[5.14, 5.14]
[5.21, 5.18, 5.18, 5.39, 5.39, 5.38]
[4.74, 4.88, 4.88, 5.79, 5.88, 4.83, 4.83, 5.43]
[2.97, 4.43, 4.43, 3.52, 3.52, 3.72, 3.72, 4.8, 4.8, 3.89, 3.89, 4.24, 4.24, 4.47, 4.47, 4.76, 4.76, 4.08, 4.08, 3.7, 3.7, 4.26, 4.26, 4.22, 4.22, 5.24, 5.24, 4.64, 4.64, 4.62]
[3.53, 4.3, 4.3, 3.77, 3.77, 3.65, 0.87, 3.4, 3.4, 4.48, 4.48, 3.65, 3.65, 3.41, 0.87, 4.67]
[4.67, 4.67]
[4.28, 4.21]
[4.25, 5.39, 5.39, 5.35, 5.35, 4.27, 4.27, 4.25, 4.25, 5.1, 5.1, 4.27, 4.27, 5.45, 5.45, 3.91]
[4.88, 4.96, 4.96, 6.26, 6.26, 5.84, 5.84, 4.62, 4.62, 4.27]
[5.99, 5.08, 5.08, 5.51, 5.51, 6.09, 6.09, 5.99]
[5.17, 5.71, 5.71, 5.2, 5.2, 5.24, 5.24, 6.06, 6.06, 5.61, 5.61, 4.87, 4.87, 5.95, 5.95, 4.43, 4.43, 5.17]
[2.69, 0.08, 0.08, 1.9, 1.9, 2.65, 2.65, 1.65]
[5.4, 6.04, 6.04, 4.71]
[4.72, 3.97, 3.97, 4.51]
[3.18, 3.03, 3.03, 3.69]
[6.18, 6.41, 6.41, 5.08, 5.08, 5.05, 5.05, 4.54]
[5.54, 5.22, 5.22, 5.46]
[2.97, 2.97]
[4.81, 4.65, 4.65, 4.06, 4.06, 5.18, 5.18, 4.64, 4.64, 4.35, 4.35, 3.19, 3.19, 3.68, 3.68, 3.71]
[5.53, 4.91, 4.91, 5.22, 5.22, 3.93, 3.93, 5.78, 5.78, 5.98, 5.98, 6.27, 6.27, 5.03, 5.03, 4.91]
[4.49, 3.81, 3.81, 3.97, 3.97, 3.55, 3.55, 4.3, 4.3, 4.17, 4.17, 4.59, 4.59, 4.57, 4.57, 6.12, 6.12, 4.26, 4.26, 2.88, 2.88, 4.11, 4.11, 4.74]
[3.39, 4.39, 3.39, 4.09]
[4.56, 4.81, 4.81, 4.16, 4.16, 4.64]
[4.32, 5.82, 5.82, 5.4, 5.4, 5.7, 5.7, 5.34, 5.34, 4.8, 4.8, 5.88, 5.88, 4.92, 4.92, 5.34]
[0.45, 1.74, 1.74, 1.69, 1.69, 2.25, 2.25, 0.18, 2.25, 1.64, 1.74, 2.07]
[4.58, 4.98, 4.98, 2.75]
[4.25, 4.8, 4.8, 2.78, 2.78, 3.59]
[3.19, 4.7]
[4.45, 4.36, 4.36, 4.29, 4.29, 5.29]
[2.58, 2.81, 2.81, 3.59, 3.59, 3.76]
[5.88, 5.88]
[3.58, 4.01, 4.01, 5.28, 5.28, 3.06, 5.28, 4.13, 4.13, 2.87, 4.13, 1.93, 1.93, 4.01, 1.93, 3.35, 2.87, 3.31]
[3.31, 3.31]
[0.4, 2.89, 2.89, 5.37]
[1.16, 1.58, 1.58, 4.16]
[3.5, 5.09, 5.09, 5.2]
[3.6, 4.41, 4.41, 3.78, 3.78, 4.06, 4.06, 3.57]
[4.89, 4.89]
[5.96, 5.96]
[4.42, 4.45, 4.45, 5.34, 5.34, 4.95, 4.95, 4.42]
[5.38, 4.89, 4.89, 5.04, 5.04, 5.27]
[5.14, 4.77, 4.77, 4.47, 4.47, 4.39]
[4.42, 3.95, 3.95, 4.54, 4.54, 4.34, 4.34, 6.05, 6.05, 5.49, 5.49, 5.28, 5.28, 4.92, 4.92, 4.67, 4.67, 5.48, 5.48, 5.21, 5.21, 5.16, 5.16, 4.82, 4.82, 4.42]
[1.98, 1.98]
[4.47, 3.85]
[4.36, 3.12]
[2.65, 3.86]
[5.24, 4.15]
[-1.44, -1.44]
[3.34, 2.45, 2.45, 3.5, 3.5, 1.5, 1.5, 3.49, 3.49, 1.83, 1.83, 4.37, 4.37, 5.84, 5.84, 3.34, 3.02, 1.83, 1.83, 2.45]
[-0.62, -0.62]
[5.33, 5.33, 5.33, 4.66, 4.66, 3.94, 3.94, 5.33]
[6.83, 6.83]
[5.71, 6.3, 6.3, 5.13, 5.13, 5.92, 5.92, 5.71]
[3.94, 6.01, 3.94, 5.9, 3.94, 5.48, 5.48, 5.03, 5.03, 4.98, 4.98, 4.82]
[5.28, 5.8, 5.8, 3.91, 3.91, 5.72, 5.72, 4.63, 4.63, 5.3, 5.3, 5.28]
[4.32, 4.32]
[3.62, 2.71, 2.71, 5.3, 5.3, 5.8, 5.8, 5.27, 5.27, 3.17, 3.17]
[4.3, 4.45, 4.45, 4.14, 4.14, 3.38, 3.38, 4.35, 4.35, 3.11, 3.11, 4.99, 4.99, 3.89]
[4.99, 5.07, 5.07, 5.0]
[1.99, 4.59, 4.59, 4.54, 4.54, 3.9, 1.99, 4.8, 4.8, 4.77, 4.77, 6.13, 1.99, 6.13]
[3.96, 4.56, 4.56, 3.82, 3.82, 3.14, 3.14, 5.57, 5.57, 5.64, 5.64, 4.47, 4.47, 4.32, 4.32, 2.97, 2.97, 3.88, 3.88, 3.43, 3.43, 2.01, 2.01, 3.48, 3.48, 1.36, 1.36, 3.52, 1.36, 3.84, 1.36, 4.39]
[4.2, 4.72, 4.72, 4.68, 4.68, 3.79]
[5.56, 6.01, 6.01, 5.07]
[2.23, 3.75, 3.75, 3.77, 3.77, 4.11, 4.11, 4.45, 4.45, 2.23]
[4.11, 3.61, 3.61, 3.83, 3.83, 4.94, 4.11, 4.94, 4.11, 5.07, 3.83, 4.91]
[6.36, 4.51, 4.51, 5.91, 5.91, 4.71, 4.71, 5.59, 5.59, 6.4, 6.4, 4.63, 4.63, 3.97, 3.97, 3.68, 3.68, 4.02, 4.02, 4.62, 4.62, 4.71, 4.71, 5.49, 5.49, 4.78, 4.78, 6.36]
[6.24, 4.7, 4.7, 4.81, 4.81, 5.51, 5.51, 5.8, 4.81, 5.93, 5.93, 5.48, 5.48, 3.56, 3.56, 4.06, 5.17, 4.71, 4.71, 4.06, 4.06, 4.08, 4.08, 3.11, 4.71, 5.08, 5.08, 4.08, 5.08, 4.46, 4.46, 5.77, 5.77, 4.92, 4.92, 5.43, 5.93, 4.93, 4.93, 5.43, 5.43, 4.87, 4.87, 6.23]
[4.37, 4.6, 4.6, 5.34, 5.34, 3.85, 5.34, 5.23]
[2.65, 2.94, 2.94, 2.58, 2.58, 3.02, 3.02, 2.65, 2.58, 5.2, 2.94, 4.3, 3.02, 4.02]
[5.2, 5.2]
[4.3, 4.3]
[4.02, 4.02]
[5.1, 5.26]
[5.13, 3.54, 3.54, 5.71, 5.71, 4.29]
[5.12, 4.63, 4.63, 4.25, 4.25, 5.46, 5.46, 5.89, 5.89, 5.84, 5.84, 5.76, 5.76, 5.12]
[4.03, 4.62, 4.62, 1.59, 1.59, 5.38, 5.38, 6.16, 6.16, 5.56, 5.56, 4.62, 4.62, 3.9, 4.62, 1.25, 1.25, 4.91, 4.91, 5.49, 5.49, 2.79, 2.79, 6.3, 6.3, 5.42, 5.42, 5.82, 4.69, 3.59, 3.59, 5.95, 5.95, 4.11, 4.11, 5.07, 5.07, 3.93, 0.77, 4.32, 4.32, 5.0, 5.0, 4.93, 4.93, 5.22, 5.22, 4.59, 4.06, 4.14, 4.14, 4.3, 4.3, 3.11]
