[230.1822884, 222.67664751, 222.67664751, 216.88134383, 216.88134383, 212.21253759, 212.21253759, 192.30750199]
[222.58178099, 183.83612872, 183.83612872, 157.42586771, 157.42586771, 172.96282894]
[207.85807331, 207.85807331]
[205.37423739, 205.37423739]
[231.23243369999997, 240.4737656, 240.4737656, 245.99794523, 245.99794523, 257.19677111, 257.19677111, 275.18933831, 275.18933831, 302.22215174, 302.22215174, 337.47070072, 337.47070072, 20.94506566]
[211.09760837, 188.37101041, 188.37101041, 172.85120199, 172.85120199, 143.62069943, 143.62069943, 105.33914914, 105.33914914, 78.0935395, 78.0935395, 47.98432711]
[228.65834777, 224.39632979]
[241.58221690000002, 245.45308916, 245.45308916, 246.99605488, 246.99605488, 247.08820161, 247.08820161, 243.10574027, 243.10574027, 241.58221690000002]
[265.4846127, 265.4846127]
[275.25974572, 275.25974572]
[267.36223704, 281.59276611, 281.59276611, 287.29061868, 287.29061868, 277.43734872]
[307.06022697, 307.36380725, 307.36380725, 311.88981878, 311.88981878, 318.33997944, 318.33997944, 310.64624921, 310.64624921, 307.06022697]
[236.66647764, 232.73297739]
[342.76223899, 17.18399735, 17.18399735, 37.94614689, 37.94614689, 263.05373826, 263.05373826, 251.49233961, 251.49233961, 236.01443312]
[32.35601743, 34.18862841, 34.18862841, 13.71984836, 13.71984836, 9.94897859, 9.94897859, 6.78045098, 6.78045098, 18.06878934, 18.06878934, 32.35601743]
[351.74966274, 351.74966274]
[341.87061429, 343.60160144, 341.87061429, 329.55638101, 341.87061429, 359.1148247, 341.87061429, 336.50068495]
[30.48979079, 42.99478506, 42.99478506, 41.20695883, 41.20695883, 37.26661741, 37.26661741, 29.00001575, 29.00001575, 25.73220374, 25.73220374, 24.62892127]
[62.51160698, 47.92855231, 47.92855231, 41.94847766, 41.94847766, 33.20825793, 33.20825793, 30.73767498, 30.73767498, 31.27938922, 31.27938922, 31.38157411, 31.38157411, 30.79378002, 30.79378002, 30.85912643]
[65.16818726, 61.66171942, 61.66171942, 57.38035594, 57.38035594, 51.16900549, 51.16900549, 26.9336011, 26.9336011, 20.27160602, 20.27160602, 17.85631897, 17.85631897, 14.62916229, 14.62916229, 12.68155194]
[135.63635792, 116.66682971, 116.66682971, 112.71958057, 130.05374429, 123.20328577, 123.20328577, 111.85767998]
[297.04255658, 290.16696656, 290.16696656, 276.49578299, 279.38963009, 288.13814581, 288.13814581, 300.7043634]
[75.85457199999999, 69.56268608, 69.56268608, 65.44826292, 65.44826292, 69.10096877, 69.10096877, 73.51254425, 73.51254425, 77.43554096, 77.43554096, 73.02153945, 73.02153945, 80.09422729999999]
[268.38178961, 263.06616249, 263.06616249, 262.60823708, 262.60823708, 269.15157439, 269.15157439, 264.86621847]
[225.36295558, 217.92861754, 217.92861754, 217.6929151, 222.86072795, 220.51315491, 220.51315491, 209.38373744]
[191.89308893, 193.86897969999998]
[142.88154025, 147.74871542, 147.74871542, 148.02650069, 148.02650069, 143.21802191, 143.21802191, 137.21827365, 137.21827365, 136.00167862]
[160.48659345, 156.03274518, 156.03274518, 157.61105667]
[167.41608092, 167.41608092]
[158.79009325, 157.65735143, 157.65735143, 159.77393431, 159.77393431, 163.39382839, 163.39382839, 162.79617975, 162.79617975, 160.93048735, 160.93048735, 158.79009325]
[176.51305887, 176.51305887]
[175.43132179, 171.48826775, 171.48826775, 168.18520584, 168.18520584, 173.77040437, 173.77040437, 175.43132179]
[187.5129321, 187.5129321]
[203.61405606, 199.56058516, 199.56058516, 201.56907049]
[214.09656821, 214.09656821]
[176.73170252, 172.43191375, 172.43191375, 175.11433318, 175.11433318, 178.99336544, 178.99336544, 176.73170252]
[165.93265365, 165.4599615, 165.4599615, 178.45725536, 178.45725536, 183.85603795, 183.85603795, 193.5068041, 193.5068041, 200.98091604, 200.98091604, 206.88560880000003]
[201.30589832, 201.30589832]
[216.30008064, 214.04195627, 214.04195627, 213.37062458]
[184.97663096, 190.41667557, 190.41667557, 193.90201366, 193.90201366, 195.54483557, 195.54483557, 197.49812263]
[177.67202553, 170.28436733, 170.28436733, 170.98070334, 170.98070334, 168.56017036, 168.56017036, 168.52671705]
[185.08813566, 185.08813566]
[185.6339017, 187.83928382, 187.83928382, 189.59355028]
[192.22581729, 191.80673093, 191.80673093, 190.47086482]
[193.32404513, 189.78065686, 189.78065686, 187.43009821, 187.43009821, 185.17955477, 185.17955477, 184.00097886]
[176.32085333, 176.46487734, 176.46487734, 180.21829289, 180.21829289, 181.30279]
[178.91886481, 177.26615977, 177.26615977, 176.29774406, 177.311522, 177.26615977, 177.26615977, 177.73092864]
[181.06906686, 181.06906686]
[176.99677649999998, 176.99677649999998]
[175.19627319, 175.19627319]
[194.00251587, 194.00251587]
[168.80101292, 168.80101292]
[184.12572839999999, 179.57901366, 179.57901366, 179.82307392, 179.82307392, 180.41471830000003, 180.41471830000003, 177.42416287, 177.42416287, 175.26260484, 175.26260484, 173.48489895]
[184.631536, 186.73469831, 184.631536, 184.37748884, 184.37748884, 186.73469831, 186.73469831, 186.60030726, 186.60030726, 184.87358759999998, 184.87358759999998, 183.00404877, 183.00404877, 184.37748884, 187.15902221, 186.74710034, 186.74710034, 185.08216696, 185.08216696, 182.69209512, 182.69209512, 183.00404877, 186.60030726, 186.74710034, 187.15902221, 187.22799077, 187.22799077, 186.07724865, 186.07724865, 185.62632982, 185.62632982, 185.07434995, 185.07434995, 182.96333771, 182.96333771, 182.69209512]
[174.23720774, 172.57867422, 172.57867422, 169.16568371]
[168.50752833, 166.25512463, 166.25512463, 165.18680144]
[161.46630065, 162.47388998, 162.47388998, 163.90353339, 163.90353339, 165.58242155]
[160.85429114, 161.60202972, 161.60202972, 161.60563681, 161.60563681, 162.31430258]
[134.80349479, 135.90649494]
[154.27469564, 155.58251355]
[169.61981385, nan]
[258.75801735, 262.68457505, 262.68457505, 266.61549553, 266.61549553, 271.88562824, 271.88562824, 281.4155466, 281.4155466, 286.3525518, 286.3525518, 284.05483475, 284.05483475, 275.32883578, 275.32883578, 269.75665662, 269.75665662, 264.39677181, 264.39677181, 257.59442659]
[247.55525697, 245.48018203, 245.48018203, 242.0189437, 242.0189437, 239.11247598, 239.11247598, 236.54672877, 236.54672877, 233.7007926, 233.7007926, 236.06664914, 236.06664914, 237.70371344, 237.70371344, 243.58652601, 243.58652601, 244.58016994, 244.58016994, 249.28970847]
[262.00994813, 264.46133236, 264.46133236, 265.94593637, 265.94593637, 263.37445668, 263.37445668, 261.65806271, 261.65806271, 259.17813721, 259.17813721, 262.00994813]
[254.35833565, 252.45822137]
[265.86823714, 266.97322515]
[271.36338682, 270.16131466, 270.43828967, 271.36338682, 271.36338682, 270.06582324]
[271.82647643, 271.8375861]
[272.22024304, 270.59604036]
[272.1895526, 270.37667886]
[263.73335321, 263.73335321]
[258.66192687, 258.66192687]
[253.84265772, 255.78273333, 255.78273333, 255.99178693, 255.99178693, 256.34441753]
[245.51850007, 247.72850509]
[254.41779418, 253.50209743, 253.50209743, 251.45788751, 251.45788751, 252.58062783, 252.58062783, 251.94346342]
[250.16119601, 251.37365324, 251.37365324, 259.13216019, 259.13216019, 261.62866503]
[237.80807231, 233.23248309, 233.23248309, 231.95771631, 231.95771631, 233.67162293, 233.67162293, 235.68599269, 235.68599269, 237.39874182, 237.39874182, 239.39709121, 239.39709121, 240.36079431, 240.36079431, 240.26166247, 240.26166247, 237.80807231]
[257.38867303, 250.72391068, 250.72391068, 246.35069083, 246.35069083, 238.94818797, 238.94818797, 231.12306762, 231.12306762, 225.48663804, 225.48663804, 218.01982421]
[268.32509092, 269.06324389, 269.06324389, 261.69235534, 261.69235534, 260.16447313, 260.16447313, 255.40149728, 255.40149728, 255.07252582, 255.07252582, 250.32282132, 250.32282132, 245.58925615, 245.58925615, 245.52454222]
[258.76189282, 259.41785775, 259.41785775, 260.92072033]
[201.2983523, 203.673978]
[200.82877172, 202.99144179]
[205.76618427, 203.5329387]
[197.48755015, 197.48755015]
[207.42841642, 205.25982195, 205.25982195, 205.16874236]
[203.01194311, 199.60405]
[204.20212206, 199.7302224]
[209.6698807, 218.87688163, 218.87688163, 211.67218608, 211.67218608, 207.36146356, 207.36146356, 200.15027321, 200.15027321, 198.01444495, 198.01444495, 196.64603079, 196.64603079, 197.78725433, 197.78725433, 198.49083299, 198.49083299, 197.84711464]
[207.3762392, 207.40419934, 209.56785278, 211.51160840000003, 211.51160840000003, 207.3762392]
[196.72776268, 204.97196962]
[220.48239101, 219.47187965, 219.47187965, 217.58746947]
[216.53431272, 215.17729569, 215.17729569, 214.85096972]
[210.43121648, 208.88514539, 208.88514539, 207.94679307]
[215.75940538, 215.13949709, 215.13949709, 210.32950276]
[202.76111861, 201.53182918, 201.53182918, 201.73384964]
[213.22392088, 214.00368717, 214.00368717, 217.05091806, 213.22392088, 214.77750771]
[213.91811403, 213.91811403]
[218.71132791, 216.37460988, 216.37460988, 214.65956766, 214.65956766, 213.85047098, 213.85047098, 212.71034788, 212.71034788, 211.11250791, 211.11250791, 206.12424684]
[221.31040511, 220.18150404, 220.18150404, 220.28716819]
[208.67131750000001, 206.81681937, 206.81681937, 207.36957439]
[216.20275252, 215.77461567]
[213.19180466, 211.59278733]
[222.71990536, 228.05546736, 228.05546736, 233.88141398, 233.88141398, 229.25196591]
[237.40527375, 237.40527375]
[214.49923373, 214.49923373]
[221.24687869, 218.66954381, 218.66954381, 217.95774098]
[222.84701756, 218.13592482, 218.13592482, 216.61420112]
[214.93883677, 214.36851090000002, 214.36851090000002, 213.6485965, 213.6485965, 213.52221581, 213.52221581, 213.71192715, 213.71192715, 214.81757038, 214.81757038, 214.93883677]
[226.01775793, 224.36396501, 224.36396501, 223.58390099999997]
[228.07167982, 226.85805467, 226.85805467, 221.75546088]
[234.25607748, 235.07043893]
[227.98400434, 227.98400434]
[225.49208900000002, 223.65800269999997, 223.65800269999997, 220.91451458]
[228.6555245, 229.45768699, 229.45768699, 226.63838694]
[223.21287023, 222.15857155, 222.15857155, 220.49005323]
[230.45181856, 230.78901374, 230.78901374, 231.82560314]
[231.33438516, 230.34306833, 230.34306833, 233.78525156]
[224.79041254, 224.63314193, 224.63314193, 222.9096805]
[230.67036465, 227.21095653, 227.21095653, 226.27960699]
[232.35115072, 229.63353586, 229.63353586, 230.53497528]
[234.51384287, 235.29798226, 235.29798226, 233.97193752]
[241.35931206, 240.08338225, 240.08338225, 239.71300283, 239.71300283, 239.22119438, 241.70180197, 241.35931206]
[241.70180197, 241.85125058]
[242.99891879, 242.99891879]
[246.02582204, 246.75599294, 246.75599294, 247.78497886]
[250.39331786, 248.03411079, 248.03411079, 246.39633811, 246.39633811, 247.55199128]
[nan, 239.54740116, 239.54740116, 238.45615438, 238.45615438, 236.01841829]
[238.40303498, 238.40303498]
[241.64815129, 237.73975730000004]
[245.29717718, 247.35194804, 247.35194804, 248.97066423]
[246.00514651, 249.09358718, 246.00514651, 247.84558957, 242.82403118, 240.03058543, 242.82403118, 239.87623269, 245.62114131, 243.81394732, 245.62114131, 246.79603256, 247.92404718, 249.09402476, 247.92404718, 251.17750890000002, 246.00514651, 242.82403118, 242.82403118, 245.62114131, 245.62114131, 247.92404718, 247.92404718, 246.00514651]
[252.54268738, 252.96766195, 252.96766195, 253.49886366, 253.49886366, 258.038233, 258.038233, 264.32969072, 264.32969072, 266.89617137, 266.89617137, 265.62199908, 265.62199908, 263.40219373, 265.62199908, 262.69099501, 252.96766195, 253.08397295]
[253.08397295, 253.08397295]
[259.76230946, 263.91504719, 263.91504719, 265.09888468, 265.09888468, 262.96050661, 262.96050661, 257.91114525]
[262.85396193, 261.59257241, 261.59257241, 260.50243371, 260.50243371, 258.83869698]
[267.4643802, 267.4643802]
[268.47821519, 268.47821519]
[271.45218586, 275.24842337, 275.24842337, 276.04310967, 276.04310967, 274.40720489999995]
[277.98426606, 276.74345947, 276.74345947, 277.20723319]
[271.20995733, 271.20995733]
[273.44086963, 276.99278955, 276.99278955, 281.41397083, 281.41397083, 283.81631956, 283.81631956, 286.73517629, 286.73517629, 285.65301428]
[284.43241556, 286.17055765, 286.17055765, 287.44097404, 287.44097404, 289.40868994, 289.40868994, 290.41823037, 290.41823037, 290.43175842]
[285.88432906, 287.46497041, 287.46497041, 286.56229139, 286.56229139, 285.72704960000004, 285.72704960000004, 285.42017236, 285.42017236, 284.26514217, 284.26514217, 282.74377104, 282.74377104, 280.56842553, 280.56842553, 278.80182442]
[287.36782635, 286.60433158, 286.60433158, 284.68114151, 284.68114151, 284.16871114, 284.16871114, 280.94558795, 280.94558795, 278.34638866, 278.34638866, 278.08877815, 278.08877815, 278.37566714, 278.37566714, 279.89660339, 279.89660339, 282.21029394, 282.21029394, 284.07071918, 284.07071918, 285.77846922, 285.77846922, 287.08722077, 287.08722077, 287.50730185, 287.50730185, 287.36782635]
[295.6295525, 298.05002110000004]
[269.66270935, 269.17424596, 269.17424596, 268.72517769, 268.72517769, 269.94815306, 269.94815306, 272.93053328, 272.93053328, 275.38068395, 275.38068395, 274.51328312, 274.51328312, 272.02067917, 272.02067917, 269.66270935]
[294.17662107, 291.31854426]
[298.95927101, 299.7382347, 299.7382347, 300.66441367, 300.66441367, 299.23677038, 299.23677038, 298.95927101]
[295.90673775, 293.53534254, 293.53534254, 292.34904557, 292.34904557, 294.92415705, 294.92415705, 298.81532954, 298.81532954, 297.96079231, 297.96079231, 295.90673775, 299.93405965, 297.96079231, 289.91662081, 293.53534254, 292.34904557, 290.65952718, 300.20134846, 298.81532954]
[277.77018839, 277.77018839]
[305.25269347, 306.83001454, 306.83001454, 307.47454931, 307.47454931, 307.21509857, 307.21509857, 305.25269347, 305.25269347, 305.16586145, 305.25269347, 304.51341030000003]
[304.84833016, 304.50573017, 304.50573017, 303.8190747, 307.38056519, 308.21813716, 308.21813716, 306.36175161, 310.04765218, 310.35106663, 310.35106663, 310.34826007, 310.35106663, 308.21813716, 308.21813716, 304.50573017]
[309.39162365, 312.3705384, 312.3705384, 308.47942959, 312.3705384, 321.08667854, 321.08667854, 320.03951149, 321.08667854, 320.31917813, 321.08667854, 327.06503724, 323.348054, 327.06503724, 327.06503724, 326.32779480000005]
[298.82819233, 297.6945086, 297.6945086, 296.56487567]
[281.08473883, 279.23410832, 279.23410832, 281.19306613]
[300.875053, 299.43932749, 299.43932749, 296.84693842, 296.84693842, 299.68911516, 299.68911516, 301.28947757, 301.28947757, 302.48587588, 302.48587588, 305.0891524, 305.0891524, 303.56910667, 303.56910667, 305.00079669999997]
[294.79850093, 296.41631572, 296.41631572, 293.52178228, 293.52178228, 289.12926242, 289.12926242, 291.37396941, 291.37396941, 294.18031892, 294.18031892, 292.66593316, 292.66593316, 290.13682588, 290.13682588, 294.22270239999995]
[304.93016868, 302.82610327, 302.82610327, 301.09647111, 301.09647111, 298.11818257]
[309.81798449, 310.13566467, 310.13566467, 310.01232708]
[283.62620294, 282.51997462, 282.51997462, 284.73593568, 284.73593568, 286.82553958]
[283.8336882, 288.43953645, 288.43953645, 289.09206426, 289.09206426, 291.53801621, 291.53801621, 292.94300436]
[311.91888574, 313.16335749, 313.16335749, 313.03622144, 313.03622144, 311.93432462]
[309.18177937, 309.58447294, 309.58447294, 307.41232775, 307.41232775, 307.10370567]
[308.48748693, 309.68326968, 309.68326968, 309.45456696, 309.45456696, 308.30318657, 308.30318657, 308.48748693, 308.48748693, 308.82711738]
[311.66465833, 309.90939395, 309.90939395, 309.38695734, 309.38695734, 310.31755669999995, 310.31755669999995, 310.86477381, 310.86477381, 311.66465833]
[318.23408977, 319.47944955, 319.47944955, 318.69727757, 318.69727757, 314.29338184, 314.29338184, 310.3579727, 310.3579727, 303.32517496, 303.32517496, 296.24350878, 296.24350878, 305.55708346, 305.55708346, 311.55180091, 311.55180091, 318.23408977]
[289.27545794, 292.42641389, 292.42641389, 294.67144862, 294.67144862, 297.65722388]
[282.89583932, 280.65815094, 280.65815094, 278.14384287, 278.14384287, 275.97770388, 275.97770388, 273.67089504, 273.67089504, 272.63138418, 272.63138418, 271.72280287]
[312.95540084, 311.52402547]
[310.08255226, 310.08255226]
[313.69938483, 311.54155712]
[312.49199793, 312.49199793]
[315.32275695, 315.32275695]
[315.43862372, 315.43862372]
[316.48658082, 316.10135259]
[316.60283819, 316.60283819]
[316.78202266, 316.78202266]
[318.90787714, 320.56157261]
[319.48436063, 319.48436063]
[318.32194676, 318.32194676]
[322.88966951, 318.95581976]
[326.80815996, 324.88868707]
[325.56435406, 324.63280732]
[318.61995883, 317.58529617]
[326.12787716, 327.53601656]
[322.18048346, 321.66678212]
[335.04961499, 334.20819329]
[328.48189202, 329.09495119, 329.09495119, 330.24617111, 330.24617111, 332.10803368, 332.10803368, 332.0956383, 332.0956383, 332.53534803, 332.53534803, 331.09930944, 331.09930944, 330.20922938, 330.20922938, 324.7912445, 324.7912445, 323.72080115, 323.72080115, 324.20312178, 324.20312178, 324.77527499, 324.77527499, 325.11392221, 325.11392221, 328.48189202]
[334.11070233, 332.05781838, 332.05781838, 340.66639531, 340.66639531, 340.87486957]
[323.06072952, 322.26554098, 322.26554098, 320.4545487]
[331.44593869, 332.54924902, 332.54924902, 326.04641808, 332.54924902, 336.31921857]
[337.20750231, 335.41374983, 337.20750231, 338.83887054, 337.20750231, 336.31921857]
[327.46117477, 328.12481712, 327.46117477, 326.03501874, 327.46117477, 328.26567758, 327.46117477, 326.16126755]
[335.33053166, 331.39439437, 331.39439437, 331.75197729]
[333.99237569999997, 333.19921276, 333.19921276, 332.49688603]
[340.12825981, 337.62192333, 337.62192333, 333.68471113, 333.68471113, 327.77072409, 327.77072409, 325.85677886, 325.85677886, 323.69365589, 323.69365589, 324.23740434, 324.23740434, 327.77072409]
[354.83742516, 346.97432546, 346.97432546, 338.94073618, 338.94073618, 332.45152906, 332.45152906, 325.47948373, 325.47948373, 322.16489595, 322.16489595, 311.13783516, 311.13783516, 305.02493212, 305.02493212, 307.50299582]
[337.29269975, 345.02126622, 345.02126622, 339.65778029, 332.71359131, 345.02126622, 345.02126622, 333.75699582]
[339.43925419, 337.82590786, 337.82590786, 335.88397901, 335.88397901, 334.27709235]
[335.39823108, 336.54456634, 336.54456634, 335.87827430000004, 335.87827430000004, 334.15599677, 334.15599677, 333.43494738, 333.43494738, 332.37057515, 332.37057515, 331.8129107, 331.8129107, 332.75960052, 332.75960052, 333.57507383, 333.57507383, 334.64240451, 334.64240451, 335.39823108]
[331.19764106, 330.82845686]
[346.1900702, 345.94305575, 345.94305575, 350.1592632, 345.94305575, 342.50041810000005, 345.94305575, 340.43920724]
[340.43920724, 340.75053573]
[342.50041810000005, 341.63267663]
[350.1592632, 351.3444225]
[355.84315202, 352.28858456, 352.28858456, 347.50612955, 347.50612955, 346.75106602, 346.75106602, 344.79915676, 344.79915676, 343.09902715]
[341.67267295, 340.36531181]
[359.66837736, 0.48996506, 0.48996506, 1.33394073, 1.33394073, 0.45598912, 0.45598912, 359.66837736, 359.66837736, 348.58055219, 348.58055219, 343.15360192, 343.15360192, 337.66172918, 337.66172918, 331.60918894, 331.60918894, 326.75952199, 326.75952199, 325.02225935, 325.02225935, 324.27009487, 324.27009487, 325.66423845, 325.66423845, 326.75952199]
[353.2424506, 352.00286076, 352.00286076, 349.70594501]
[344.41177323, 344.41177323]
[337.87620651, 337.87620651]
[352.50799782, 356.76411116, 356.76411116, 358.59598888, 358.59598888, 356.75797734, 356.75797734, 349.1758098, 349.1758098, 346.79188553, 346.79188553, 344.79319251, 344.79319251, 342.54204508, 342.54204508, 337.82239898, 337.82239898, 344.10832784, 344.10832784, 346.04513231, 346.04513231, 348.13717883, 348.13717883, 349.43590129, 349.43590129, 349.87411644, 349.87411644, 354.3904487, 354.3904487, 355.10184089, 355.10184089, 354.53407969, 337.82239898, 339.34360749, 337.82239898, 335.89015172, 337.82239898, 332.79073322, 337.82239898, 336.1291488, 337.82239898, 337.38259473]
[11.23801546, 11.04964742, 11.04964742, 7.11007309, 7.11007309, 0.42336890000000005, 0.42336890000000005, 2.93286698, 16.13586737, 8.43270424, 8.43270424, 7.11007309, 7.11007309, 6.57028075, 6.57028075, 2.98385733]
[3.61496786, 4.85701265, 4.85701265, 1.1255098]
[357.56103429, 356.81642211, 356.81642211, 357.63859626]
[355.61588872, 355.68035357, 355.68035357, 354.94598676]
[357.83884091, 356.50350924, 356.50350924, 355.44082263]
[353.31927128, 351.51173897, 351.51173897, 350.74292280000003]
[349.47584844, 349.21229368, 349.21229368, 348.97198728]
[346.30366025, 343.66266349999995, 343.66266349999995, 343.52332689]
[344.89865503, 343.36954639, 343.36954639, 342.39795761]
[340.89688564, 341.88828134, 341.88828134, 338.67291135]
[338.90149675, 337.72394611, 337.72394611, 340.16385653]
[338.9534264, 337.57220833, 337.57220833, 336.64228154]
[327.55404075, 330.54909407, 330.54909407, 327.92358006]
[333.10725718, 334.20018136, 334.20018136, 336.11262494]
[354.41474582, 349.77712113, 349.77712113, 352.02140081]
[347.36150879, 347.47865379, 347.47865379, 346.67003033]
[3.30895828, 2.09653333]
[359.82750994, 354.98675133, 354.98675133, 351.99236589, 351.99236589, 349.28955677, 349.28955677, 345.9691938]
[358.69436349999995, 355.51200741, 355.51200741, 351.73293881, 351.73293881, 353.5373106]
[10.51618425, 11.18125882, 11.18125882, 11.10927611, 11.10927611, 10.8670447, 10.8670447, 9.193629199999998, 9.193629199999998, 7.05660466, 7.05660466, 2.58017518, 2.58017518, 2.99596734, 2.99596734, 4.42944015, 4.42944015, 6.06518443, 6.06518443, 10.51618425]
[20.87903356, 14.65144118, 14.65144118, 15.60990729, 14.65144118, 8.42108802, 8.42108802, 6.98213606]
[4.57193855, 2.50910252]
[12.45345723, 14.18790699, 14.18790699, 17.43248991, 17.43248991, 19.07875996, 19.07875996, 17.7782219, 17.7782219, 17.91494471, 17.91494471, 19.86657455, 19.86657455, 18.43723014, 18.43723014, 17.86330901, 17.86330901, 14.30178237, 14.30178237, 11.83495908, 11.83495908, 9.63958024, 9.63958024, 9.83165567, 9.83165567, 9.22016239, 9.22016239, 9.33844167, 9.33844167, 10.27998074, 10.27998074, 12.45345723]
[30.51166929, 28.38890233, 28.38890233, 25.35794814, 25.35794814, 22.54559597, 22.54559597, 18.43250986, 18.43250986, 15.73606615, 15.73606615, 12.17039736]
[13.25204382, 15.76085267, 15.76085267, 19.15144476, 19.15144476, 19.9512172, 19.9512172, 19.4499337, 19.4499337, 17.09309979, 17.09309979, 12.82629635, 12.82629635, 13.25204382]
[10.89678452, 10.89678452]
[28.27041595, 28.27041595]
[17.37550908, 17.77471116, 17.77471116, 23.48302496, 23.48302496, 25.83223958, 25.83223958, 28.59868107, 28.59868107, 29.90828959, 29.90828959]
[21.45251267, 21.45251267]
[14.17708808, 12.27125262, 12.27125262, 10.12661349, 10.12661349, 9.24277921, 2.29204036, 14.17708808, 2.29204036, 12.27125262, 2.29204036, 10.12661349, 2.29204036, 9.24277921]
[8.24994391, 8.24994391]
[31.79285757, 28.65978771, 28.65978771, 28.38235506]
[34.74149127, 34.53144339, 34.53144339, 32.6564251, 32.6564251, 33.19993262, 33.19993262, 34.74149127, 34.74149127, 37.63464227]
[25.62479083, 23.704364, 23.704364, 22.47011303, 22.47011303, 22.87080776, 22.87080776, 24.9198664, 24.9198664, 23.704364]
[30.000936699999997, 26.02136441, 26.02136441, 27.86504416, 27.86504416, 21.00604671, 21.00604671, 17.14693197, 17.14693197, 11.04752272]
[33.22691696, 31.12262534, 31.12262534, 30.311651399999995]
[25.915063699999997, 24.49792651, 24.49792651, 24.83757938, 24.83757938, 24.19990413, 24.19990413, 25.14501739, 25.14501739, 27.16184118, 27.16184118, 29.03845779, 29.03845779, 32.38550383, 32.38550383, 33.09301632, 33.09301632, 34.73745342, 34.73745342, 30.97466283, 30.97466283, 25.915063699999997]
[40.86296031, 41.97683942, 41.97683942, 42.49578911]
[41.23488901, 37.03965786, 37.03965786, 33.25004577, 33.25004577, 36.20435282, 36.20435282, 41.23488901, 41.23488901, 44.92873469, 44.92873469, 45.56991279, 45.56991279, 38.968704200000005, 38.968704200000005, 40.82551897, 40.82551897, 39.87061789, 39.87061789, 40.30779517, 40.30779517, 38.03931801, 38.03931801, 35.55169522, 35.55169522, 34.83661103]
[52.71819576, 52.60198294, 52.60198294, 51.79217049, 51.79217049, 51.20349011]
[40.76167775, 43.564427, 43.564427, 47.26201363, 47.26201363, 47.37345463, 47.37345463, 47.04220716, 47.04220716, 46.29373754, 46.29373754, 42.64547584, 42.64547584, 40.562203499999995]
[42.67413655, 46.19912598, 46.19912598, 51.08061889, 51.08061889, 54.12233383, 54.12233383, 55.7311754, 55.7311754, 62.16530527, 62.16530527, 63.72440722, 63.72440722, 64.56073112, 64.56073112, 61.64606374]
[44.69021034, 44.69021034]
[59.15181574, 59.15181574]
[56.30200876, 56.20084227, 56.20084227, 56.45663804, 56.45663804, 56.21884811, 56.21884811, 56.87110065, 56.87110065, 56.58150135, 56.58150135, 57.29054669]
[50.54954371, 50.54954371]
[61.17357446, 61.17357446]
[50.68863399, 51.10881233, 50.68863399, 50.30671225, 50.68863399, 48.72547816, 50.68863399, 47.90695691]
[56.29851422, 59.46342138, 59.46342138, 59.74124892, 59.74124892, 58.53299363, 58.53299363, 56.07969347, 56.07969347, 55.59434812]
[57.38626020000001, 57.38626020000001]
[61.75215574, 61.6516583, 61.6516583, 62.70783742, 62.70783742, 65.6455435]
[38.02198846, 36.48755111, 36.48755111, 40.05209879, 36.50156687, 39.89054885, 39.89054885, 35.50600237]
[59.50720862, 56.53542672, 56.53542672, 55.81231706, 55.81231706, 53.23509009, 53.23509009, 48.95844499, 48.95844499, 44.10668245, 44.10668245, 41.03064356, 41.03064356, 41.27492276, 41.27492276, 42.75977464, 42.75977464, 45.59830468, 45.59830468, 49.87904033, 49.87904033, 53.44686638, 53.44686638, 56.71245432, 56.71245432, 56.91508473, 56.91508473, 58.42784574, 58.42784574, 59.98115045]
[67.15388879, 66.37215593, 66.37215593, 65.73344722, 65.73344722, 64.94805793, 68.98000195, 67.16531219, 67.16531219, 66.58613217, 66.58613217, 64.94805793, 64.94805793, 60.17008591, 68.98000195, 69.81854938]
[69.81854938, 69.81854938]
[66.57664484, 66.34207825]
[68.91347315, 71.10737323, 71.10737323, 71.50708664, 71.50708664, 69.53917371, 69.53917371, 68.91347315, 68.91347315, 65.96599009, 65.96599009, 63.88352173, 63.88352173, 60.98543787, 60.98543787, 60.78907003]
[81.9086835, 79.81912416, 79.81912416, 78.86525046, 78.86525046, 76.98097847, 76.98097847, 75.77376699, 75.77376699, 70.56126452]
[71.56993252, 72.84338884, 72.84338884, 74.34311423, 74.34311423, 72.43366482, 72.43366482, 71.56993252]
[65.92033483, 68.47804057, 68.47804057, 68.54850732, 68.54850732, 68.54913224, 68.54913224, 68.34202729, 68.34202729, 67.27885535, 67.27885535, 63.59872149, 63.59872149, 64.33012941, 64.33012941, 63.8234923, 63.8234923, 65.92033483]
[74.24840098, 79.17206517, 79.17206517, 89.88237261, 89.88237261, 89.93015897, 89.93015897, 81.57290804]
[84.65874822, 85.14962767, 85.14962767, 83.18197584]
[87.7600428, 87.87246934, 87.87246934, 87.29358126]
[76.62862102, 75.49222507, 75.49222507, 75.61950025]
[81.71364799, 82.00384487, 82.00384487, 81.91203061, 81.91203061, 80.00383769, 80.00383769, 79.54395049]
[80.70968545, 80.45168832, 80.45168832, 80.0611822]
[84.41118447, 84.41118447]
[77.42483084, 76.14224320000001, 76.14224320000001, 74.09300449, 74.09300449, 73.69544409, 73.69544409, 73.7237672, 73.7237672, 72.65300943, 72.65300943, 72.45890935, 72.45890935, 72.80152507, 72.80152507, 73.5628985]
[67.13378878, 67.96945612, 67.96945612, 69.40044421, 69.40044421, 69.07975243, 69.07975243, 71.02215847, 71.02215847, 70.89469925, 70.89469925, 72.42631902, 72.42631902, 72.54828803, 72.54828803, 75.35649111]
[68.3776229, 68.88779874, 68.88779874, 66.00902233, 66.00902233, 64.47341068, 64.47341068, 57.14926223, 57.14926223, 57.36367035, 57.36367035, 55.70884185, 55.70884185, 54.2736588, 54.2736588, 52.55661496, 52.55661496, 49.97177014, 49.97177014, 44.56548179999999, 44.56548179999999, 40.16638213, 40.16638213, 39.94966387]
[83.78449043, 83.70515764, 83.78449043, 84.22637775]
[88.33184814, 89.49857371, 89.49857371, 91.0300689, 91.0300689, 90.97993149999999]
[93.84473576, 98.11334517, 98.11334517, 99.13682373, 99.13682373, 99.66480928, 99.66480928, 99.70494411, 99.70494411, 99.83261264, 99.83261264, 97.51241701, 97.51241701, 96.22459158, 96.22459158, 95.44211705]
[88.79287161, 85.18968672, 85.18968672, 84.05338572, 84.05338572, 83.00166562, 83.00166562, 78.63446353, 83.00166562, 81.28278416, 85.18968672, 86.93911641]
[83.84650694, 83.84541591, 83.84541591, 83.85825475]
[77.28659571, 75.35977051, 75.35977051, 76.96264146, 76.96264146, 79.40166225]
[76.36521705, 80.11213225]
[78.07453075, 78.30785422, 78.30785422, 79.89385817, 79.89385817, 79.99596151]
[83.18255798, 82.06135971, 82.06135971, 86.11656241, 86.11656241, 87.82980343]
[85.5581599, 85.5581599]
[109.52336162, 106.02723079, 106.02723079, 102.88770733, 102.88770733, 100.98304088, 102.88770733, 97.24079361, 97.24079361, 95.73996302, 97.24079361, 99.42792641, 99.42792641, 106.02723079, 99.42792641, 101.32263979999999, 95.73996302, 93.71956952]
[93.71956952, 93.71956952]
[114.82724194, 111.78780121, 111.78780121, 111.24245464]
[116.33068263, 113.65001898, 113.65001898, 112.27754045]
[110.03078889999999, 110.48708081, 110.48708081, 111.93497685]
[103.19725030000001, 107.78496505, 107.78496505, 111.43198371, 111.43198371, 113.98071783, 113.98071783, 116.11195237]
[114.79148501, 114.79148501]
[121.57666469, 121.57666469]
[91.89300774, 92.98498656, 92.98498656, 93.85469568, 93.85469568, 93.01365054, 93.01365054, 91.89300774]
[118.91626746, 116.53122379, 116.53122379, 114.86912974, 114.86912974, 113.4020791]
[105.90863811, 101.83268467, 101.83268467, 98.22595658, 98.22595658, 95.94207368]
[99.47260802, 99.17082883, 99.17082883, 98.76408302, 98.76408302, 97.96403433, 97.96403433, 94.26466059, 94.26466059, 92.24111381, 92.24111381, 91.92345906, 91.92345906, 91.24638576, 91.24638576, 91.53889172, 91.53889172, 95.35299081, 95.35299081, 96.04313846, 96.04313846, 97.84591544, 97.84591544, 99.81965168, 99.81965168, 99.47260802]
[95.6749475, 95.6749475]
[97.04257272, 95.52852147]
[89.38421613, 87.73980340000001]
[84.91224975, 82.8030645]
[113.0247923, 107.96608486]
[101.28854105, 101.28854105]
[117.32357809, 111.02377104, 111.02377104, 102.46027285, 102.46027285, 104.65644451, 104.65644451, 105.42979876, 105.42979876, 107.09785853, 107.09785853, 109.67703283, 109.67703283, 113.29074012, 113.29074012, 117.32357809, 105.75613986, 107.09785853, 107.09785853, 111.02377104]
[95.98787763, 95.98787763]
[127.8990288, 128.17718645, 128.17718645, 130.82172127, 130.82172127, 131.17129209, 131.17129209, 127.8990288]
[130.1801156, 130.1801156]
[127.87738017, 126.69614859, 126.69614859, 125.01613464, 125.01613464, 125.13395549, 125.13395549, 127.87738017]
[115.31198612, 115.14796501, 115.31198612, 113.02423825, 115.31198612, 116.98659214, 116.98659214, 116.48698643, 116.48698643, 115.09671685, 115.09671685, 113.44986614]
[131.81253189, 128.50682149, 128.50682149, 126.41529546, 126.41529546, 128.86754708, 128.86754708, 130.91825129, 130.91825129, 132.34057358, 132.34057358, 131.81253189]
[131.5938644, 131.5938644]
[116.31376631, 109.28568399, 109.28568399, 108.06592133, 108.06592133, 106.77952459, 106.77952459, 101.83919491, 101.83919491, 99.44029869, 99.44029869]
[130.80619315, 129.68936993, 129.68936993, 129.41419739, 129.41419739, 131.69435929999997, 131.69435929999997, 132.10825351, 132.10825351, 133.84868687, 133.84868687, 136.49324097, 136.49324097, 138.59080529]
[142.98663458, 142.98992745, 142.98992745, 144.30295211]
[141.8968826, 142.28682816, 142.28682816, 142.99556148, 142.99556148, 144.96389156, 141.8968826, 140.12094162, 140.12094162, 139.94332821, 139.94332821, 142.91236818, 141.8968826, 142.91236818]
[135.16146765, 136.63245022, 136.63245022, 139.71111394, 139.71111394, 140.26441169, 140.26441169, 144.17854374, 144.17854374, 145.88863057, 145.88863057, 141.16366395, 141.16366395, 142.93016816, 142.93016816, 146.4629267, 146.4629267, 148.19149028, 148.19149028, 154.17251805, 154.17251805, 154.99234054, 154.99234054, 151.83313948, 151.83313948, 152.09358075, 152.09358075, 145.28799116, 152.09358075, 158.20281305, 152.09358075, 151.9763285]
[156.97121865, 156.47861301, 156.47861301, 159.68005265, 159.68005265, 163.32766612]
[143.63600852, 147.80843348, 147.80843348, 148.12696211]
[136.99907126, 136.03883562, 136.03883562, 130.15656369, 130.15656369, 129.41100573, 129.41100573, 135.02266724, 135.02266724, 136.99907126]
[147.86951033, 152.64748785, 152.64748785, 156.52293768, 156.52293768, 148.71765461, 147.86951033, 148.71765461, 147.86951033, 145.07657975, 156.52293768, 159.6458878]
[147.46400531, 142.31140615, 142.31140615, 142.88413622, 142.88413622, 140.80140137, 140.80140137, 137.48504809, 137.48504809, 139.94976336, 139.94976336, 138.93778941, 138.93778941, 130.02556894, 130.02556894, 130.89811451, 130.89811451, 132.63338051, 132.63338051, 137.01190516, 137.01190516, 140.37332838, 140.37332838, 142.47716139, 142.47716139, 146.05054261, 146.05054261, 147.46400531]
[177.09812514, 174.17061875, 174.17061875, 171.15252245, 171.15252245, 165.81220090000002, 165.81220090000002, 162.57524733, 171.15252245, 171.78989699, 171.78989699, 174.66648767, 174.66648767, 169.83551103, 169.83551103, 171.22076335, 179.00409802, 176.19066226, 176.19066226, 171.22076335, 171.22076335, 164.94478664, 164.94478664, 162.40596699, 176.19066226, 170.84196837, 170.84196837, 164.94478664, 170.84196837, 167.91452617, 167.91452617, 172.41103268, 172.41103268, 166.33346925, 166.33346925, 167.18353198, 178.91720463, 173.06840611, 173.06840611, 167.18353198, 167.18353198, 159.30749487, 159.30749487, 153.33117633]
[165.03852431, 164.17915128, 164.17915128, 155.87255727, 155.87255727, 153.68447399, 155.87255727, 149.71808346]
[188.59680864, 187.4665965, 187.4665965, 183.95194937, 183.95194937, 182.53135773, 182.53135773, 188.59680864, 183.95194937, 185.14046113, 187.4665965, 188.01868646, 182.53135773, 182.10313607]
[185.14046113, 185.14046113]
[188.01868646, 188.01868646]
[182.10313607, 182.10313607]
[177.1879392, 178.67711574]
[173.22562476, 173.25107936, 173.25107936, 174.14551817, 174.14551817, 178.22733867]
[188.94006062, 189.96900602, 189.96900602, 193.35894159, 193.35894159, 193.83108971, 193.83108971, 193.74460949, 193.74460949, 190.34602074, 190.34602074, 188.67690229, 188.67690229, 188.94006062]
[193.64857337, 191.59478955, 191.59478955, 187.79137202, 187.79137202, 185.70613474, 185.70613474, 180.37190077, 180.37190077, 178.04330796, 178.04330796, 173.69046642, 173.69046642, 170.25184266, 193.66341683, 191.93049537, 191.93049537, 190.48582, 190.48582, 187.91810373, 187.91810373, 183.78648733, 183.78648733, 181.18872296, 181.18872296, 176.82987104, 176.82987104, 170.78402208, 191.40798434, 185.34088036, 185.34088036, 181.23852543, 181.23852543, 176.62853753, 176.62853753, 172.94197140000003, 172.94197140000003, 167.14748181, 186.64975585, 180.75707974, 180.75707974, 175.87999922, 175.87999922, 175.22355273, 175.22355273, 171.64764356, 171.64764356, 168.15008453, 184.609553, 181.72022021, 181.72022021, 177.42120019, 177.42120019, 173.94553448]
