[75.35048990517096, 78.18316355099007, 78.18316355099007, 80.0880796233035, 80.0880796233035, 82.1773599002707, 82.1773599002707, 88.80332166114391]
[85.55207314809083, 86.72587763835315, 86.72587763835315, 87.17337749569691, 87.17337749569691, 86.31547147170001]
[69.80684483978257, 69.80684483978257]
[70.00912043941639, 70.00912043941639]
[62.65467123539504, 61.50632547822342, 61.50632547822342, 63.91738240254428, 63.91738240254428, 66.96792731533463, 66.96792731533463, 70.65910032605981, 70.65910032605981, 74.46179891287399, 74.46179891287399, 73.72478616280422, 73.72478616280422, 73.27744216434208]
[69.30961567719211, 75.35274996632418, 75.35274996632418, 74.69397778055406, 74.69397778055406, 73.50264867314776, 73.50264867314776, 70.901226251296, 70.901226251296, 71.45298448626801, 71.45298448626801, 69.89566428351314]
[71.1051535082512, 70.03728938184358]
[70.46849324758513, 71.37159656107845, 71.37159656107845, 70.89830745526855, 70.89830745526855, 69.21937738747323, 69.21937738747323, 69.6829222572619, 69.6829222572619, 70.46849324758513]
[72.35434631272838, 72.35434631272838]
[71.9784590246884, 71.9784590246884]
[76.66546287057784, 73.95588963152045, 73.95588963152045, 74.52106292712764, 74.52106292712764, 76.27764052378546]
[77.62025253826972, 77.29744741191577, 77.29744741191577, 76.53457078619921, 76.53457078619921, 76.84048881957868, 76.84048881957868, 78.44137983692016, 78.44137983692016, 77.62025253826972]
[65.80036423050126, 67.70671694730808]
[80.01766912820976, 80.72711364064816, 80.72711364064816, 83.79138486862378, 83.79138486862378, 84.17666835599618, 84.17666835599618, 82.44941916203257, 82.44941916203257, 80.4205992273691]
[76.07589691857748, 78.34347715260381, 78.34347715260381, 78.16176472343241, 78.16176472343241, 76.93023696483144, 76.93023696483144, 74.48182622455586, 74.48182622455586, 74.17985821065272, 74.17985821065272, 76.07589691857748]
[81.7960772421385, 81.7960772421385]
[77.86355153244662, 78.99660003314392, 77.86355153244662, 77.93977580583636, 77.86355153244662, 77.6451961421158, 77.86355153244662, 75.60251825268719]
[65.72080590743316, 64.21415179294704, 64.21415179294704, 63.074588107867356, 63.074588107867356, 62.482637338999865, 62.482637338999865, 63.461804188135176, 63.461804188135176, 65.30133980678532, 65.30133980678532, 67.6843549621237]
[76.77010469906514, 76.7811009304943, 76.7811009304943, 76.5264443889758, 76.5264443889758, 74.51901180461249, 74.51901180461249, 72.69210559285442, 72.69210559285442, 72.07836857124437, 72.07836857124437, 70.92487603400963, 70.92487603400963, 68.6582928920167, 68.6582928920167, 67.23933796408015]
[61.876280971221746, 61.997426778402044, 61.997426778402044, 61.7104143523206, 61.7104143523206, 60.39115321814052, 60.39115321814052, 58.57982512266018, 58.57982512266018, 59.223864563848146, 59.223864563848146, 58.725561035243466, 58.725561035243466, 60.82879442963066, 60.82879442963066, 58.70516116435983]
[70.69500942052144, 66.8313116474669, 66.8313116474669, 69.36601648330654, 66.98022157630437, 70.38201632110798, 70.38201632110798, 67.21752049484225]
[67.70522115107708, 63.85143186746142, 63.85143186746142, 64.95814644271427, 61.7201648555959, 65.92848307840072, 65.92848307840072, 65.07926467087498]
[58.101718185089204, 58.01946909487646, 58.01946909487646, 57.55232430270286, 57.55232430270286, 61.31069147245508, 61.31069147245508, 63.70492100804785, 63.70492100804785, 62.634800308026115, 62.634800308026115, 60.87997598385221, 60.87997598385221, 60.64206162375601]
[57.22856974888645, 56.06980586564443, 56.06980586564443, 53.280989567203406, 53.280989567203406, 51.8447254428784, 51.8447254428784, 46.83739272122632]
[64.31167616446457, 64.81480180452877, 64.81480180452877, 67.76550944410837, 63.58103627383528, 65.68345219439763, 65.68345219439763, 66.52521635525139]
[72.32538656232776, 70.9460975830267]
[66.80990515189181, 63.18658083558889, 63.18658083558889, 58.27029517569724, 58.27029517569724, 55.558612488609725, 55.558612488609725, 55.032703211923895, 55.032703211923895, 57.590586420467545]
[70.58437620842864, 70.18646352089459, 70.18646352089459, 68.9815483500342]
[49.73351795077966, 49.73351795077966]
[61.91503331118702, 60.75774066583194, 60.75774066583194, 58.56301026565688, 58.56301026565688, 59.64529451664303, 59.64529451664303, 61.61013964647086, 61.61013964647086, 62.137697006271964, 62.137697006271964, 61.91503331118702]
[53.25604902194414, 53.25604902194414]
[60.6235244133071, 61.20221474330765, 61.20221474330765, 60.141636029497135, 60.141636029497135, 60.199184972185094, 60.199184972185094, 60.6235244133071]
[57.10286968594199, 57.10286968594199]
[54.30153823449349, 55.08351348203975, 55.08351348203975, 51.378353188553326]
[50.947665395913006, 50.947665395913006]
[61.10543671652022, 62.114348085860215, 62.114348085860215, 63.4129613680353, 63.4129613680353, 62.11350809806738, 62.11350809806738, 61.10543671652022]
[66.89523368777023, 61.52448510123454, 61.52448510123454, 59.20261389996628, 59.20261389996628, 62.59520536574793, 62.59520536574793, 61.47733971973444, 61.47733971973444, 60.283641342992794, 60.283641342992794, 54.482605184382884]
[60.33684219974682, 60.33684219974682]
[56.57418540545318, 56.213657591246694, 56.213657591246694, 56.66799193074151]
[4.8976887024077245, 4.103425715496717, 4.103425715496717, 8.915192619076223, 8.915192619076223, 16.453074683857132, 16.453074683857132, 22.98864009122148]
[7.265145277862155, 11.374806353845251, 11.374806353845251, 15.891947926162052, 15.891947926162052, 20.721292058115747, 20.721292058115747, 25.81184044163389]
[8.877212854776241, 8.877212854776241]
[10.871152995612476, 13.16905755924979, 13.16905755924979, 7.412087160176691]
[19.65930308486742, 17.49898222805592, 17.49898222805592, 15.787179292330508]
[26.76896837293076, 26.619216512363785, 26.619216512363785, 26.461968622600388, 26.461968622600388, 23.359068700172948, 23.359068700172948, 20.46084124436231]
[13.737681355417244, 12.010676027067301, 12.010676027067301, 12.148139683160114, 12.148139683160114, 14.277738768236865]
[21.16529438122001, 20.066088573809797, 20.066088573809797, 19.741989318989006, 21.737887968535986, 20.066088573809797, 20.066088573809797, 17.781220648531587]
[27.00148180750936, 27.00148180750936]
[25.708759839478354, 25.708759839478354]
[26.80973168503358, 26.80973168503358]
[43.829293089869786, 43.829293089869786]
[28.391448247673747, 28.391448247673747]
[38.62397969345659, 37.85654046153137, 37.85654046153137, 38.695893512208144, 38.695893512208144, 41.57714958188558, 41.57714958188558, 40.426920808507006, 40.426920808507006, 39.65558158280179, 39.65558158280179, 42.23202146661981]
[35.813167665558964, 33.83519955031733, 35.813167665558964, 34.501275096766825, 34.501275096766825, 33.83519955031733, 33.83519955031733, 32.835443686943954, 32.835443686943954, 33.72160058506809, 33.72160058506809, 34.09327566488728, 34.09327566488728, 34.501275096766825, 31.793622479088558, 32.39280887138657, 32.39280887138657, 32.18470728697347, 32.18470728697347, 32.836769342015856, 32.836769342015856, 34.09327566488728, 32.835443686943954, 32.39280887138657, 31.793622479088558, 31.479346290199143, 31.479346290199143, 31.66578967464644, 31.66578967464644, 31.412896646157822, 31.412896646157822, 31.567783896705738, 31.567783896705738, 31.42709986326273, 31.42709986326273, 32.836769342015856]
[4.618050487869786, 2.4022095918445547, 2.4022095918445547, 1.6657248105693458]
[13.353800485550362, 12.557362195011828, 12.557362195011828, 11.286593793758884]
[35.7009252528788, 33.03858677169302, 33.03858677169302, 29.87441318048241, 29.87441318048241, 25.37088480997612]
[28.18902461220781, 23.92818218379313, 23.92818218379313, 19.235396355217425, 19.235396355217425, 15.618288998022935]
[51.30191890258087, 50.513140412758425]
[47.55300586040805, 46.214124372079574]
[38.40996573213793, nan]
[26.40250071159037, 27.296609075887137, 27.296609075887137, 28.516380253545123, 28.516380253545123, 29.04588530865849, 29.04588530865849, 19.952452479646013, 19.952452479646013, 12.832397208654845, 12.832397208654845, 3.4392562702467835, 3.4392562702467835, -2.7885398200193023, -2.7885398200193023, -9.088490871398056, -9.088490871398056, -14.174558537221749, -14.174558537221749, -13.867147708497837]
[24.084186247694806, 21.935834249779663, 21.935834249779663, 20.125644457397012, 20.125644457397012, 18.9706995954206, 18.9706995954206, 18.93719824373589, 18.93719824373589, 14.280087648284841, 14.280087648284841, 10.004534004706725, 10.004534004706725, 7.938886379292003, 7.938886379292003, -0.6723441427291199, -0.6723441427291199, -1.7474558469503727, -1.7474558469503727, -7.996213809092572]
[-6.794206531923232, -6.935351352792277, -6.935351352792277, -6.041964690821152, -6.041964690821152, -4.470046012886344, -4.470046012886344, -3.653146892704964, -3.653146892704964, -4.575448577930637, -4.575448577930637, -6.794206531923232]
[-8.83555145598895, -8.487368148822357]
[5.559060155022613, 3.600700343152872]
[2.9666619228865385, 3.517643500851088, 1.872117349011796, 2.9666619228865385, 2.9666619228865385, 4.957025110971842]
[9.131194726217934, 9.956366076660675]
[20.346301535923665, 21.287912032469283]
[21.11451135928075, 22.067379698267565]
[13.715186862469189, 13.715186862469189]
[16.016008061581108, 16.016008061581108]
[20.48340297163295, 15.984541133615238, 15.984541133615238, 15.442848529738702, 15.442848529738702, 14.588262767450287]
[3.8765018908696502, 4.64054545901014]
[11.41333051645806, 12.282674322597115, 12.282674322597115, 10.889429830387455, 10.889429830387455, 9.459924557271236, 9.459924557271236, 7.523758400174378]
[6.6580079595536406, 3.364675493716184, 3.364675493716184, 2.8515683516218, 2.8515683516218, 5.53524413845386]
[38.996054729881344, 35.068922586362994, 35.068922586362994, 32.917368924132234, 32.917368924132234, 30.408225029465896, 30.408225029465896, 29.84053339864529, 29.84053339864529, 29.481621508682732, 29.481621508682732, 30.13021316488463, 30.13021316488463, 33.01340131667813, 33.01340131667813, 36.45386907072699, 36.45386907072699, 38.996054729881344]
[42.36791601958506, 41.14163312728326, 41.14163312728326, 40.01233551773497, 40.01233551773497, 41.18516822079645, 41.18516822079645, 41.21794419914735, 41.21794419914735, 44.60734578403991, 44.60734578403991, 42.9819631236272]
[40.55775680241824, 37.74999980564571, 37.74999980564571, 35.92331659412283, 35.92331659412283, 33.848856946571146, 33.848856946571146, 35.39474283007712, 35.39474283007712, 32.7994400920746, 32.7994400920746, 33.905969553076986, 33.905969553076986, 36.50372455215271, 36.50372455215271, 33.618356802573764]
[38.299882676543206, 38.717158354199746, 38.717158354199746, 38.42966850388199]
[-5.7800830165804955, 4.718470874973924]
[0.466456503953389, -0.9205301181219332]
[8.785242822980727, 8.975083924850527]
[-0.07668198377897119, -0.07668198377897119]
[26.4436347723335, 27.74920159020993, 27.74920159020993, 25.213944129853388]
[-13.38905649908566, -12.894379229543068]
[-21.18460073755689, -17.75054528321148]
[-39.65293917779991, -37.398546934672396, -37.398546934672396, -31.306725824180607, -31.306725824180607, -29.232227215378103, -29.232227215378103, -31.296189978261946, -31.296189978261946, -32.34321650538631, -32.34321650538631, -36.104667211390414, -36.104667211390414, -36.76818227364063, -36.76818227364063, -37.686622476829626, -37.686622476829626, -37.90451164862457]
[-36.46304384713872, -37.249199056787425, -36.949784196357925, -36.10150684017961, -36.10150684017961, -36.46304384713872]
[-44.42145139663989, -48.15780283271512]
[-42.695179603168825, -44.67738575060649, -44.67738575060649, -44.681561484150976]
[-40.34588799081667, -40.25217936687813, -40.25217936687813, -41.10715097587393]
[-40.478987652740884, -42.107530264209, -42.107530264209, -41.68695624575825]
[-34.61236352444091, -32.96102331305676, -32.96102331305676, -35.10053745971209]
[-34.051069664323386, -34.368857673806524, -34.368857673806524, -36.11483055691292]
[-5.2983835336997, -1.0670045275587972, -1.0670045275587972, 2.560044897882721, -5.2983835336997, -8.462026662239237]
[24.08415037545283, 24.08415037545283]
[-15.710040793870867, -15.127191389508658, -15.127191389508658, -13.795901342238116, -13.795901342238116, -13.245279502236686, -13.245279502236686, -11.2997007454601, -11.2997007454601, -9.905219485387278, -9.905219485387278, -10.932373582223759]
[21.49637484110693, 21.01526182011845, 21.01526182011845, 18.323714044222623]
[23.531127683000943, 22.66131955175475, 22.66131955175475, 20.98364753577352]
[-19.94910047650417, -22.873547431253172]
[-22.267665258022536, -21.624755012522467]
[-11.534156703265694, -15.595058068769825, -15.595058068769825, -10.994277795201716, -10.994277795201716, -5.286462228686887]
[0.07636860335204101, 0.07636860335204101]
[40.37064275859225, 40.37064275859225]
[31.590662413681898, 34.401767783869005, 34.401767783869005, 35.06543139118324]
[23.53868617024075, 26.958545829760126, 26.958545829760126, 24.00879212525723]
[21.175331437196476, 20.159649006809847, 20.159649006809847, 18.90693130229482, 18.90693130229482, 17.897092913255065, 17.897092913255065, 15.032029647666356, 15.032029647666356, 17.881847364076897, 17.881847364076897, 21.175331437196476]
[-20.947699371460487, -17.00181460551249, -17.00181460551249, -20.16721948248076]
[-47.80351886352648, -44.73452415170182, -44.73452415170182, -47.73946985178822]
[-24.327245161184965, -20.080983390407678]
[-44.451526852710465, -44.451526852710465]
[-29.97186246900613, -28.81119837250881, -28.81119837250881, -30.532711352596426]
[-27.330735434370013, -26.01477385599275, -26.01477385599275, -26.608055590855773]
[-33.278459691707766, -32.0556841907388, -32.0556841907388, -33.12425407905026]
[-32.17323205880391, -32.78979322407338, -32.78979322407338, -32.766772169533034]
[-34.693776676697055, -36.53723774367595, -36.53723774367595, -37.280171556949206]
[-37.65578242381634, -38.673719456491455, -38.673719456491455, -39.019065186770355]
[-40.58476429400634, -40.960965236278106, -40.960965236278106, -42.67159872576517]
[-42.72692216008248, -43.6924388493082, -43.6924388493082, -43.80124176950749]
[-38.72373145079989, -40.863547456004, -40.863547456004, -41.06796295984913]
[-16.550435715761672, -19.25839021282697, -19.25839021282697, -22.71010993004489, -22.71010993004489, -25.761599416411592, -17.43786068913353, -16.550435715761672]
[-17.43786068913353, -17.648577352573653]
[-16.336092807578954, -16.336092807578954]
[-17.155708531129243, -15.641060479668756, -15.641060479668756, -13.890825160535268]
[-15.237442085268912, -18.745476136279255, -18.745476136279255, -20.582281559829926, -20.582281559829926, -22.33897011585593]
[nan, -10.902679842560213, -10.902679842560213, -13.261167708085518, -13.261167708085518, -12.02846319848032]
[-21.827569700866192, -21.827569700866192]
[-33.50202816848397, -30.04836651469391]
[-22.629163999095077, -23.633406846843773, -23.633406846843773, -25.544550282370253]
[-36.222505339010375, -32.55911491560346, -36.222505339010375, -31.9075792083624, -37.888920021466774, -34.96672463133516, -37.888920021466774, -38.28680913793644, -40.883553789968545, -44.18017184246418, -40.883553789968545, -44.59584446616149, -38.9870318529262, -40.1183786260388, -38.9870318529262, -38.286394311729815, -36.222505339010375, -37.888920021466774, -37.888920021466774, -40.883553789968545, -40.883553789968545, -38.9870318529262, -38.9870318529262, -36.222505339010375]
[-31.896206033661226, -35.66439681097371, -35.66439681097371, -39.99678556541336, -39.99678556541336, -41.267496900860635, -41.267496900860635, -41.59945324228167, -41.59945324228167, -38.99127253831946, -38.99127253831946, -37.78298990175628, -37.78298990175628, -35.663618712370564, -37.78298990175628, -35.788431319095736, -35.66439681097371, -35.644782919727504]
[-35.644782919727504, -35.644782919727504]
[-44.790225392169035, -45.038910953133545, -45.038910953133545, -48.03102191671565, -48.03102191671565, -48.28945001632151, -48.28945001632151, -46.841853702098206]
[-22.5501686543421, -22.64488514508553, -22.64488514508553, -23.36350204432975, -23.36350204432975, -24.81180669174388]
[-35.98384188704682, -35.98384188704682]
[-33.805418919404346, -33.805418919404346]
[-29.79022203103043, -29.563234105977262, -29.563234105977262, -34.16683192878687, -34.16683192878687, -36.368944895766255]
[-43.40464924066434, -45.722840351318254, -45.722840351318254, -48.83873549053827]
[-35.20692064809093, -35.20692064809093]
[-20.67044036372512, -25.35346408022012, -25.35346408022012, -27.341045272295013, -27.341045272295013, -26.88403673950872, -26.88403673950872, -28.53215901137765, -28.53215901137765, -30.62257876165902]
[-21.78278743274447, -22.58191669209875, -22.58191669209875, -21.989735317071425, -21.989735317071425, -20.117810289477642, -20.117810289477642, -19.113494468626264, -19.113494468626264, -17.232277014809977]
[0.8897410628624516, -1.4971856182385388, -1.4971856182385388, -5.845108882706483, -5.845108882706483, -4.586629638173875, -4.586629638173875, -6.587896967921138, -6.587896967921138, -6.583648572562795, -6.583648572562795, -10.345414082370727, -10.345414082370727, -9.41697805910098, -9.41697805910098, -8.442992945696082]
[-38.75764117449223, -37.85033095710149, -37.85033095710149, -37.706905272437936, -37.706905272437936, -37.89106644387563, -37.89106644387563, -38.551451211339305, -38.551451211339305, -38.69860659285046, -38.69860659285046, -39.64401249964672, -39.64401249964672, -42.25838745625281, -42.25838745625281, -43.271491392053825, -43.271491392053825, -43.98554376423761, -43.98554376423761, -43.20527936796413, -43.20527936796413, -42.76061776035856, -42.76061776035856, -41.301980205595406, -41.301980205595406, -40.195882866433614, -40.195882866433614, -38.75764117449223]
[-17.887384981015238, -21.017108187284784]
[-27.963090829894657, -27.226988778996787, -27.226988778996787, -24.0241292559162, -24.0241292559162, -23.07646159014049, -23.07646159014049, -23.24900923319759, -23.24900923319759, -24.692808575633126, -24.692808575633126, -26.72368743814129, -26.72368743814129, -27.889303849218546, -27.889303849218546, -27.963090829894657]
[-26.46755764773228, -25.825472796718802]
[-28.31768938914904, -28.285522965185628, -28.285522965185628, -29.875527296724442, -29.875527296724442, -29.209092392664772, -29.209092392664772, -28.31768938914904]
[-39.20662731955309, -41.46058732227324, -41.46058732227324, -44.73101490317589, -44.73101490317589, -46.791652968258454, -46.791652968258454, -43.774187534340065, -43.774187534340065, -41.71667173999564, -41.71667173999564, -39.20662731955309, -37.3319442746585, -41.71667173999564, -36.53694816736732, -41.46058732227324, -44.73101490317589, -45.573572854009285, -47.120272747864476, -43.774187534340065]
[-32.94782439757727, -32.94782439757727]
[-17.411871371558842, -20.963317888906122, -20.963317888906122, -21.388327717679115, -21.388327717679115, -20.599575007038766, -20.599575007038766, -17.411871371558842, -17.411871371558842, -15.390401573936908, -17.411871371558842, -15.12067973050296]
[-21.69602742350855, -24.34586536762134, -24.34586536762134, -29.485716141077766, -25.172453546629203, -27.784551502844394, -27.784551502844394, -31.32770528688211, -26.770205339767088, -29.014229015370297, -29.014229015370297, -34.586912907115085, -29.014229015370297, -27.784551502844394, -27.784551502844394, -24.34586536762134]
[-50.100446336578294, -49.29655873759472, -49.29655873759472, -47.268525985803954, -49.29655873759472, -50.37051182595537, -50.37051182595537, -48.708600093685256, -50.37051182595537, -53.61570099180362, -50.37051182595537, -51.48008206700856, -48.778786068059425, -51.48008206700856, -51.48008206700856, -53.611720439002845]
[4.2522393362832345, 6.809632633685959, 6.809632633685959, 8.647230995758052]
[38.988584061879, 38.28782696140515, 38.28782696140515, 36.92868798597488]
[13.658511692930215, 14.539405134354212, 14.539405134354212, 16.507705400440376, 16.507705400440376, 17.208499625772852, 17.208499625772852, 17.56579699540455, 17.56579699540455, 18.382652962925214, 18.382652962925214, 15.05187638765632, 15.05187638765632, 12.595997562501976, 12.595997562501976, 10.831203184873168]
[3.615469025643771, 5.673524818572072, 5.673524818572072, 5.704534031558572, 5.704534031558572, 3.5835212861537995, 3.5835212861537995, 1.660509485712684, 1.660509485712684, -2.9828978953599137, -2.9828978953599137, -4.337822851485456, -4.337822851485456, -6.71506832207096, -6.71506832207096, -8.702226054054227]
[-3.734279224146839, -3.2969590543237723, -3.2969590543237723, -3.03433959015982, -3.03433959015982, -1.0600628637166551]
[-17.969225522524837, -19.159794924771965, -19.159794924771965, -21.157045194692174]
[35.99485373348503, 32.58874218559227, 32.58874218559227, 31.708849375824336, 31.708849375824336, 34.89927520248559]
[42.9674979039189, 37.77259118020749, 37.77259118020749, 36.706935839389274, 36.706935839389274, 34.677681285090536, 34.677681285090536, 32.696053378748104]
[-12.699961608418976, -12.287759465752385, -12.287759465752385, -8.812565853064115, -8.812565853064115, -8.247969217067498]
[-5.556380375431738, -4.149380834838245, -4.149380834838245, -5.744578677882081, -5.744578677882081, -6.189301130194363]
[10.0235934575373, 10.213817673399083, 10.213817673399083, 8.301401934027679, 8.301401934027679, 8.320512391942097, 8.320512391942097, 10.0235934575373, 10.0235934575373, 11.637090837678594]
[12.855510795323188, 12.783606480892827, 12.783606480892827, 11.512734643345091, 11.512734643345091, 11.4265545464432, 11.4265545464432, 11.872999946332893, 11.872999946332893, 12.855510795323188]
[26.425902615727658, 30.994865201270194, 30.994865201270194, 34.18718336868012, 34.18718336868012, 37.60405220236811, 37.60405220236811, 41.9887052722371, 41.9887052722371, 44.07195186760305, 44.07195186760305, 43.00424884645911, 43.00424884645911, 37.37263620926437, 37.37263620926437, 30.645825864135407, 30.645825864135407, 26.425902615727658]
[51.7881808965623, 49.8828472777025, 49.8828472777025, 52.89187238751804, 52.89187238751804, 50.66757040215593]
[51.992793340741294, 54.73351073210728, 54.73351073210728, 56.45643578043526, 56.45643578043526, 58.39055521972738, 58.39055521972738, 56.4361432866419, 56.4361432866419, 54.2697977535493, 54.2697977535493, 50.93783161463843]
[-30.141777439481984, -28.385355824280172]
[-36.38849192978815, -36.38849192978815]
[-21.239138503781923, -24.64435996560707]
[-36.93399586062239, -36.93399586062239]
[-35.645642265038205, -35.645642265038205]
[-30.300392614054374, -30.300392614054374]
[-20.767270874310718, -23.35106475086712]
[-35.82878090044469, -35.82878090044469]
[-28.53590750601673, -28.53590750601673]
[-24.355491611370983, -20.66943097982296]
[-35.87857300908593, -35.87857300908593]
[-31.256636985250005, -31.256636985250005]
[-9.596749845144137, 1.467423880251835]
[-1.6105925202374312, -1.9317034460992568]
[1.454971216434088, 1.605876576193891]
[6.236626333785044, 6.43595457954449]
[13.065218375842052, 12.915743174565284]
[-25.74193014680368, -26.30807808852336]
[-12.566538844124322, -12.485344708442565]
[-41.67198855980791, -41.599697952720646, -41.599697952720646, -40.97578497758981, -40.97578497758981, -38.580910753331494, -38.580910753331494, -37.52737868935825, -37.52737868935825, -37.11361312768474, -37.11361312768474, -34.40451569898035, -34.40451569898035, -32.89235000581895, -32.89235000581895, -31.40444488496412, -31.40444488496412, -33.713364178961484, -33.713364178961484, -37.087053175451814, -37.087053175451814, -37.755077238418295, -37.755077238418295, -38.63128667000258, -38.63128667000258, -41.67198855980791]
[-46.25775545372938, -51.45526710289769, -51.45526710289769, -51.838250414973196, -51.838250414973196, -46.38975798297233]
[-37.90145287042249, -35.14920847555993, -35.14920847555993, -32.95440289267617]
[-4.883886056297047, 1.5632618718630082, 1.5632618718630082, 5.6109671479416425, 1.5632618718630082, -3.4436575000779266]
[-4.88189774276496, -6.160055422235089, -4.88189774276496, -5.055270316198663, -4.88189774276496, -3.4436575000779266]
[25.78089833225586, 24.3646220627888, 25.78089833225586, 24.436225771909818, 25.78089833225586, 21.49464064258139, 25.78089833225586, 21.339902902750627]
[23.52119860964429, 24.353160517996642, 24.353160517996642, 20.72198738264421]
[32.98804205812635, 29.88909122343669, 29.88909122343669, 28.50144185520012]
[39.232175228736274, 38.18508610886454, 38.18508610886454, 38.19719664036831, 38.19719664036831, 35.101859838238894, 35.101859838238894, 33.96398374682375, 33.96398374682375, 34.346082702362516, 34.346082702362516, 36.185422698777685, 36.185422698777685, 35.101859838238894]
[72.14024217357182, 70.04790472219983, 70.04790472219983, 68.54768750366084, 68.54768750366084, 67.50794004821181, 67.50794004821181, 66.82034530952008, 66.82034530952008, 66.25788180908903, 66.25788180908903, 66.14796017047604, 66.14796017047604, 65.7316521683743, 65.7316521683743, 69.11440031245955]
[53.45513917769115, 51.70814705671877, 51.70814705671877, 51.74527093475084, 53.44582271713309, 51.70814705671877, 51.70814705671877, 52.243524005677436]
[-9.188589160961133, -11.439313197582672, -11.439313197582672, -11.98288068816765, -11.98288068816765, -10.096041527274352]
[-26.34134869901461, -28.480316953125804, -28.480316953125804, -29.52490754859457, -29.52490754859457, -30.567545228773767, -30.567545228773767, -29.812206164133162, -29.812206164133162, -28.23405329899311, -28.23405329899311, -26.786674830582037, -26.786674830582037, -25.834508702323003, -25.834508702323003, -25.72088110728593, -25.72088110728593, -25.44463405445972, -25.44463405445972, -26.34134869901461]
[-5.455685852143762, -6.681614556275389]
[9.968481263229997, 22.84653309774909, 22.84653309774909, 18.382288534608946, 22.84653309774909, 19.488107607894353, 22.84653309774909, 24.270447495055247]
[24.270447495055247, 25.170440699459338]
[19.488107607894353, 18.486818282325732]
[18.382288534608946, 18.01655102277815]
[4.8533824527221014, 7.354277171617137, 7.354277171617137, 4.546656335436159, 4.546656335436159, 4.158146238106664, 4.158146238106664, 6.5416457937489625, 6.5416457937489625, 4.7123195140902645]
[7.100168935925013, 5.816226067441393]
[-9.088101826937274, -11.554652737683414, -11.554652737683414, -11.255424616803957, -11.255424616803957, -8.567840593809747, -8.567840593809747, -9.088101826937274, -9.088101826937274, -11.350005250761974, -11.350005250761974, -12.690933195071235, -12.690933195071235, -15.548800671796956, -15.548800671796956, -18.420244435690442, -18.420244435690442, -20.383425289752047, -20.383425289752047, -20.8034254613648, -20.8034254613648, -23.549933888022828, -23.549933888022828, -23.04393809907506, -23.04393809907506, -20.383425289752047]
[-43.22823958437178, -40.92491023839617, -40.92491023839617, -37.850728007025964]
[-34.76323551029325, -34.76323551029325]
[-37.19580931149486, -37.19580931149486]
[53.1179905577901, 53.14854131565687, 53.14854131565687, 51.97265693870418, 51.97265693870418, 51.94806621180818, 51.94806621180818, 47.86177751881615, 47.86177751881615, 47.53189592821624, 47.53189592821624, 47.431153183307245, 47.431153183307245, 45.5321509082689, 45.5321509082689, 45.321563173502255, 45.321563173502255, 44.53630896358428, 44.53630896358428, 44.79359777670843, 44.79359777670843, 44.08738746158633, 44.08738746158633, 43.66187244178188, 43.66187244178188, 43.26136339188072, 43.26136339188072, 40.99472565918596, 40.99472565918596, 38.86078513906243, 38.86078513906243, 37.80550863592064, 45.321563173502255, 46.51860827392933, 45.321563173502255, 47.34601872899477, 45.321563173502255, 46.090200689996784, 45.321563173502255, 44.590655433958794, 45.321563173502255, 42.77013893757251]
[-48.22416498909675, -43.97014693270482, -43.97014693270482, -45.483655218227845, -45.483655218227845, -45.68437924051012, -45.68437924051012, -40.69049751046252, -39.01644470851857, -40.57036027673525, -40.57036027673525, -45.483655218227845, -45.483655218227845, -47.87669983158676, -47.87669983158676, -47.73014607263669]
[-13.344060271686645, -14.392249093167006, -14.392249093167006, -16.055644253748653]
[-15.476428693852878, -17.402180535864424, -17.402180535864424, -19.9047553940106]
[-20.916752578814982, -20.01530005081551, -20.01530005081551, -19.678476766100168]
[-24.41456140948134, -24.16212822221713, -24.16212822221713, -23.28121707107002]
[-26.333629376983808, -26.017483763166016, -26.017483763166016, -25.45602184708825]
[-14.507255220127915, -13.044344875880471, -13.044344875880471, -14.397937400964524]
[-22.299189145458595, -20.945158249631387, -20.945158249631387, -24.290980734284247]
[-18.2437804480891, -16.733005379883007, -16.733005379883007, -18.669048487147485]
[-23.83853914426333, -24.663775812099967, -24.663775812099967, -25.61470392983463]
[-28.90295866585909, -30.926721706428374, -30.926721706428374, -32.00921977288143]
[-22.383459471110765, -19.447383040185173, -19.447383040185173, -21.555329856743175]
[-21.147689347651976, -22.38551117293201, -22.38551117293201, -22.945241645317196]
[-18.827186237869228, -17.525240961794957, -17.525240961794957, -18.320574718633228]
[-18.5056343824653, -18.790094915185023, -18.790094915185023, -16.841662513584]
[-26.42474830351211, -27.71312723939744, -27.71312723939744, -28.97050944920889]
[9.620514570055793, 23.533164766970376]
[1.328110608527951, 0.16221565058319115, 0.16221565058319115, 0.9814623305995034, 0.9814623305995034, -2.042975642907491, -2.042975642907491, -1.4020925567413502]
[-5.410970938383047, -3.6913493809909363, -3.6913493809909363, -4.134185703145843, -4.134185703145843, -6.677904723973242]
[44.954731441679506, 42.73123464766631, 42.73123464766631, 42.31043076338217, 42.31043076338217, 41.46904367844231, 41.46904367844231, 38.92401277425808, 38.92401277425808, 38.823716779896024, 38.823716779896024, 40.51220289872533, 40.51220289872533, 42.5900410690636, 42.5900410690636, 45.86486838016895, 45.86486838016895, 46.448962372722576, 46.448962372722576, 44.954731441679506]
[-36.32729098574946, -34.86576046689751, -34.86576046689751, -37.04480965395847, -34.86576046689751, -35.12413694829674, -35.12413694829674, -38.57633611596493]
[5.638040094505963, 5.58756902480021]
[35.53695280281262, 32.976940899531066, 32.976940899531066, 30.146261190378514, 30.146261190378514, 27.67252249307971, 27.67252249307971, 25.958082048113972, 25.958082048113972, 24.625658480141386, 24.625658480141386, 21.840171414504066, 21.840171414504066, 19.130979552721282, 19.130979552721282, 15.571749793695526, 15.571749793695526, 17.8977974462917, 17.8977974462917, 18.720134382719188, 18.720134382719188, 23.747978982976772, 23.747978982976772, 25.29923952519023, 25.29923952519023, 28.154842584543513, 28.154842584543513, 29.835523055267938, 29.835523055267938, 33.899748817365484, 33.899748817365484, 35.53695280281262]
[-2.321107386971528, -1.978153043606576, -1.978153043606576, 0.21780091225939002, 0.21780091225939002, 0.7915445550207301, 0.7915445550207301, 2.125990311180319, 2.125990311180319, 2.392955417154893, 2.392955417154893, 2.042300597839121]
[-6.67463681493865, -10.332342704907523, -10.332342704907523, -7.932533478608364, -7.932533478608364, -5.923612493032924, -5.923612493032924, -1.8124709492803202, -1.8124709492803202, 0.1746622273532604, 0.1746622273532604, -2.1507944071958343, -2.1507944071958343, -6.67463681493865]
[-23.53847488447603, -23.53847488447603]
[24.38946839145668, 24.38946839145668]
[41.764114995209326, 49.67624548524343, 49.67624548524343, 53.874866428485795, 53.874866428485795, 55.25443227295015, 55.25443227295015, 58.44883851210413, 58.44883851210413, 59.4396748079926, 59.4396748079926]
[54.82968476752899, 54.82968476752899]
[55.19035720189086, 52.267138056267434, 52.267138056267434, 50.976847880983364, 50.976847880983364, 48.33220861508322, 53.58978674547032, 55.19035720189086, 53.58978674547032, 52.267138056267434, 53.58978674547032, 50.976847880983364, 53.58978674547032, 48.33220861508322]
[57.363557122085005, 57.363557122085005]
[18.41072026378039, 15.639562264796009, 15.639562264796009, 14.116622529186378]
[18.242363447669412, 14.970065547977253, 14.970065547977253, 14.488500244094519, 14.488500244094519, 16.220595931156517, 16.220595931156517, 18.242363447669412, 18.242363447669412, 20.441578014310657]
[14.995632813989726, 13.135156499402076, 13.135156499402076, 12.99715823964071, 12.99715823964071, 9.99911029667605, 9.99911029667605, 11.117224668128841, 11.117224668128841, 13.135156499402076]
[-26.16339314838881, -21.1697790121252, -21.1697790121252, -15.51112955929821, -15.51112955929821, -13.571441818739837, -13.571441818739837, -15.653337062773495, -15.653337062773495, -16.16154179375609]
[-35.658111768379484, -34.32679740086035, -34.32679740086035, -35.06590821564719]
[45.40684275923292, 43.30745188401226, 43.30745188401226, 39.078955093569, 39.078955093569, 36.080232842159454, 36.080232842159454, 35.281263296016405, 35.281263296016405, 32.721021736853, 32.721021736853, 32.08415877386863, 32.08415877386863, 29.94800976091865, 29.94800976091865, 25.297986122378234, 25.297986122378234, 23.710572292292145, 23.710572292292145, 37.226512133239424, 37.226512133239424, 45.40684275923292]
[23.07406001472047, 24.670338377276806, 24.670338377276806, 22.715882443632147]
[5.529334761807847, 3.6594165954148794, 3.6594165954148794, 3.870331781538511, 3.870331781538511, 5.766988640183046, 5.766988640183046, 5.529334761807847, 5.529334761807847, 4.5366065275008305, 4.5366065275008305, -0.2337869471018713, -0.2337869471018713, 0.8936725006968576, 0.8936725006968576, -1.3619811975761686, -1.3619811975761686, -4.316008990895471, -4.316008990895471, -5.315677603157796, -5.315677603157796, -5.7737791578322994, -5.7737791578322994, -5.746762989886122, -5.746762989886122, -7.8719950450061615]
[9.061482664454257, 7.457039670720197, 7.457039670720197, 5.801271192630148, 5.801271192630148, 5.0586823109953025]
[50.40095803315045, 48.21002604559028, 48.21002604559028, 45.28051400443214, 45.28051400443214, 40.54806571727315, 40.54806571727315, 36.63985030027683, 36.63985030027683, 34.4858500407007, 34.4858500407007, 33.75921599980573, 33.75921599980573, 35.51988502592645]
[51.283759242566965, 49.09558428139431, 49.09558428139431, 45.759170284337166, 45.759170284337166, 44.29660743153326, 44.29660743153326, 44.002733339466886, 44.002733339466886, 44.39322264371436, 44.39322264371436, 45.204593219167634, 45.204593219167634, 47.142003747047426, 47.142003747047426, 46.97569414723526]
[35.21366057803449, 35.21366057803449]
[47.134235775588934, 47.134235775588934]
[20.813901758723066, 20.629319595935268, 20.629319595935268, 20.725862007233808, 20.725862007233808, 20.45502811290475, 20.45502811290475, 20.494232126371035, 20.494232126371035, 20.316854314216695, 20.316854314216695, 20.473372833778484]
[23.548842401040773, 23.548842401040773]
[18.801826059111683, 18.801826059111683]
[16.710011970522434, 16.799261634807447, 16.710011970522434, 17.088845552660437, 16.710011970522434, 16.883727286988833, 16.710011970522434, 15.517565376861125]
[38.858571558899335, 36.53015293522726, 36.53015293522726, 32.3503312904133, 32.3503312904133, 28.368453630764808, 28.368453630764808, 28.593374633219145, 28.593374633219145, 30.229828222040428]
[29.487679211598874, 29.487679211598874]
[25.741085815730113, 24.337027222469178, 24.337027222469178, 23.304921456571783, 23.304921456571783, 22.692231206833878]
[-19.96584796043828, -17.093125646075656, -17.093125646075656, -14.07376189054863, -20.139450863474046, -16.498916409408025, -16.498916409408025, -15.630420409650883]
[-16.807846235836585, -15.633876584258502, -15.633876584258502, -13.353026527483781, -13.353026527483781, -13.241945344843655, -13.241945344843655, -12.90005270512253, -12.90005270512253, -13.287534283851507, -13.287534283851507, -18.417742334055657, -18.417742334055657, -23.109118946964443, -23.109118946964443, -25.44981718300648, -25.44981718300648, -27.890148004694105, -27.890148004694105, -25.74421504519584, -25.74421504519584, -25.36673672418107, -25.36673672418107, -26.736483672446052, -26.736483672446052, -27.340281978795513, -27.340281978795513, -27.95763869206837, -27.95763869206837, -27.24031574703936]
[16.392999293389142, 15.080267285724107, 15.080267285724107, 14.64358386234746, 14.64358386234746, 12.671221689394438, 13.88513951011191, 13.096954056947524, 13.096954056947524, 12.796918246881926, 12.796918246881926, 12.671221689394438, 12.671221689394438, 9.163805447263973, 13.88513951011191, 13.368747750468962]
[13.368747750468962, 13.368747750468962]
[19.96405542702, 19.42703833923161]
[7.5557279397088895, 8.726968420794877, 8.726968420794877, 9.319129298274598, 9.319129298274598, 9.950807815391206, 9.950807815391206, 7.5557279397088895, 7.5557279397088895, 6.6100975738833885, 6.6100975738833885, 5.872168609667383, 5.872168609667383, 4.947953370872066, 4.947953370872066, 2.731092482803404]
[20.44573920059759, 20.41076496057273, 20.41076496057273, 20.511130659855585, 20.511130659855585, 19.76253059860608, 19.76253059860608, 19.539393052599596, 19.539393052599596, 20.44263598627305]
[16.325112278104942, 16.541352455465205, 16.541352455465205, 14.995009965790153, 14.995009965790153, 13.582053922758027, 13.582053922758027, 16.325112278104942]
[-6.554774797076922, -9.319263511616391, -9.319263511616391, -10.800007150211554, -10.800007150211554, -11.536725702369107, -11.536725702369107, -13.361985045487227, -13.361985045487227, -15.708098347673962, -15.708098347673962, -13.236794934715354, -13.236794934715354, -9.404411636048907, -9.404411636048907, -10.643581513140587, -10.643581513140587, -6.554774797076922]
[30.922947454360234, 44.104162912940055, 44.104162912940055, 44.056793125352364, 44.056793125352364, 36.38776666384744, 36.38776666384744, 27.049463440930538]
[29.212171568987035, 30.118959306362186, 30.118959306362186, 30.7637683793217]
[36.273954249804675, 38.11445963861225, 38.11445963861225, 38.09191459459817]
[39.151783423173754, 41.62250408117973, 41.62250408117973, 38.905393139094684]
[31.69145797181311, 32.21556087163746, 32.21556087163746, 32.91582337347936, 32.91582337347936, 32.226139892057496, 32.226139892057496, 31.60038074740682]
[39.31528770589011, 40.06124581536823, 40.06124581536823, 39.312533829093866]
[19.889512645570555, 19.889512645570555]
[13.722722358119874, 13.414123755104475, 13.414123755104475, 11.348556886659946, 11.348556886659946, 9.233632145406895, 9.233632145406895, 7.965367405482555, 7.965367405482555, 6.625229253418943, 6.625229253418943, 4.6773447930979275, 4.6773447930979275, 3.356391707464428, 3.356391707464428, 0.2721373252171396]
[-1.343873979345471, -2.692490412251956, -2.692490412251956, -4.990248277557171, -4.990248277557171, -5.893377607617882, -5.893377607617882, -10.855007521201124, -10.855007521201124, -11.156014856065775, -11.156014856065775, -15.975901259371955, -15.975901259371955, -18.400639052707, -18.400639052707, -21.96349101197324]
[-32.25946632654371, -33.004737226774466, -33.004737226774466, -36.6920329210705, -36.6920329210705, -36.60693223420405, -36.60693223420405, -41.010894278807065, -41.010894278807065, -39.58133760223135, -39.58133760223135, -40.81866843314353, -40.81866843314353, -43.87505497522593, -43.87505497522593, -45.09513724514552, -45.09513724514552, -46.96786967233223, -46.96786967233223, -44.58787354240693, -44.58787354240693, -44.40888697153728, -44.40888697153728, -47.448598766841926]
[8.675156447245207, 8.225091690044176, 8.675156447245207, 8.074701715426485]
[26.69624439671612, 25.158756517286008, 25.158756517286008, 22.629272504980808, 22.629272504980808, 19.516735285648686]
[29.09879416849803, 32.4517230171819, 32.4517230171819, 38.49945086397451, 38.49945086397451, 39.48823950003933, 39.48823950003933, 40.00035457241211, 40.00035457241211, 42.577457716728674, 42.577457716728674, 46.51093639551546, 46.51093639551546, 48.96180456440525, 48.96180456440525, 53.000774645213525]
[6.63685332039959, -3.0152746858328583, -3.0152746858328583, -2.385971447116197, -2.385971447116197, -1.5866679918891062, -1.5866679918891062, -9.863901268076157, -1.5866679918891062, 4.8715319076642825, -3.0152746858328583, -10.539772848580439]
[-6.0258965081160305, -6.601070204477152, -6.601070204477152, -7.0914892997903785]
[-10.53866234739304, -9.141688893263952, -9.141688893263952, -6.916841457424657, -6.916841457424657, -8.441276397382872]
[-24.17885621643249, -22.703390765365327]
[-13.567510673544636, -14.613005553274512, -14.613005553274512, -14.69950127332166, -14.69950127332166, -13.832593323017461]
[-19.01238456607204, -22.041791400178777, -22.041791400178777, -23.336415885780877, -23.336415885780877, -21.611678633464642]
[-23.313416239953288, -23.313416239953288]
[17.72717258530423, 21.402557875833963, 21.402557875833963, 22.28390627016963, 22.28390627016963, 25.45091028435185, 22.28390627016963, 20.195596804916246, 20.195596804916246, 22.338715321536004, 20.195596804916246, 16.614281027476213, 16.614281027476213, 21.402557875833963, 16.614281027476213, 13.310826155035356, 22.338715321536004, 22.13680171603111]
[22.13680171603111, 22.13680171603111]
[6.954198819647222, 9.728200446340752, 9.728200446340752, 13.042100773182256]
[29.793905051759978, 33.382816664468976, 33.382816664468976, 33.152266269475476]
[23.19038595241525, 21.702820128177922, 21.702820128177922, 22.83587835157988]
[34.44116364641025, 31.19190668332215, 31.19190668332215, 29.107302749297627, 29.107302749297627, 28.45045324942382, 28.45045324942382, 26.164951435543475]
[36.169735861461156, 36.169735861461156]
[24.90908466124724, 24.90908466124724]
[14.261684801416461, 13.810233995622749, 13.810233995622749, 15.81927382059182, 15.81927382059182, 15.725180440977446, 15.725180440977446, 14.261684801416461]
[21.93025053721645, 20.344278940048245, 20.344278940048245, 19.359175010076388, 19.359175010076388, 17.383010574847006]
[11.819893483213491, 8.526075845892509, 8.526075845892509, 7.475625682008883, 7.475625682008883, 4.5268007254485365]
[-17.85270775846529, -18.895326636011127, -18.895326636011127, -22.623403250779987, -22.623403250779987, -23.152019546237394, -23.152019546237394, -22.8127176898187, -22.8127176898187, -22.721746683840056, -22.721746683840056, -19.50774984864949, -19.50774984864949, -16.90601598469404, -16.90601598469404, -15.336170097319842, -15.336170097319842, -11.819818816893829, -11.819818816893829, -11.511113283885727, -11.511113283885727, -12.193795842670932, -12.193795842670932, -13.747910831800564, -13.747910831800564, -17.85270775846529]
[-17.940475079167168, -17.940475079167168]
[-32.34790211399845, -33.345613160774256]
[-35.77530127068925, -36.41383038907959]
[-35.00648113978576, -36.595719682874375]
[3.496880320698291, 0.6239248336254374]
[-16.17095500314105, -16.17095500314105]
[-22.768676278682946, -27.761816920882893, -27.761816920882893, -31.755171009871002, -31.755171009871002, -28.03085159324204, -28.03085159324204, -26.926091178368026, -26.926091178368026, -25.235173521913733, -25.235173521913733, -23.56183699455057, -23.56183699455057, -22.98494190444384, -22.98494190444384, -22.768676278682946, -22.816215652292158, -25.235173521913733, -25.235173521913733, -27.761816920882893]
[-52.3853825727675, -52.3853825727675]
[20.936064470587894, 23.29717551181597, 23.29717551181597, 24.540073995876757, 24.540073995876757, 21.265555934213964, 21.265555934213964, 20.936064470587894]
[22.74499441519895, 22.74499441519895]
[26.896948522134966, 29.638369407026797, 29.638369407026797, 29.771677710429078, 29.771677710429078, 26.603178035687773, 26.603178035687773, 26.896948522134966]
[-7.709672455645182, -6.364691905601736, -7.709672455645182, -7.254009816624251, -7.709672455645182, -10.187605587288527, -10.187605587288527, -12.594105509738672, -12.594105509738672, -13.417561133643606, -13.417561133643606, -12.831544099432822]
[1.3316367839557963, 0.8114951776453582, 0.8114951776453582, -1.1113115907179822, -1.1113115907179822, -4.970588513097006, -4.970588513097006, -4.05955309993755, -4.05955309993755, -0.16828070817657453, -0.16828070817657453, 1.3316367839557963]
[-10.300361478725536, -10.300361478725536]
[-35.895974279356324, -35.66960764595429, -35.66960764595429, -39.16036338608409, -39.16036338608409, -39.67191927828334, -39.67191927828334, -37.19881326695415, -37.19881326695415, -42.65298509018376, -42.65298509018376]
[6.5306271855730245, 6.383094697861107, 6.383094697861107, 8.715258562685198, 8.715258562685198, 9.612072825956508, 9.612072825956508, 9.066021224541004, 9.066021224541004, 9.310264852954877, 9.310264852954877, 8.660898744371076, 8.660898744371076, 6.0427618475003175]
[15.315631606584802, 13.735860208409555, 13.735860208409555, 10.949877364622798]
[-4.671272561126428, 1.2314329202684358, 1.2314329202684358, 2.8597725450889184, 2.8597725450889184, 3.0301723302272583, -4.671272561126428, -5.688213812180356, -5.688213812180356, -8.11362743901188, -8.11362743901188, -6.492951269372075, -4.671272561126428, -6.492951269372075]
[45.11211767585946, 41.91656119452882, 41.91656119452882, 40.508235120432865, 40.508235120432865, 38.149442600927294, 38.149442600927294, 35.20692479190317, 35.20692479190317, 34.13754961723168, 34.13754961723168, 30.03231828580553, 30.03231828580553, 26.95123768657889, 26.95123768657889, 27.991376256441303, 27.991376256441303, 30.32817856782331, 30.32817856782331, 28.091934019992625, 28.091934019992625, 24.564418607381484, 24.564418607381484, 21.319225666952587, 21.319225666952587, 16.545995068334935, 16.545995068334935, 14.063961462636568, 16.545995068334935, 14.201958779402018, 16.545995068334935, 14.572467421850307]
[41.50426082486248, 38.573770330929534, 38.573770330929534, 36.91351080032208, 36.91351080032208, 39.30603974630452]
[-1.8184227124711587, 0.1128750490103596, 0.1128750490103596, -3.7230948641626127]
[-39.67598258383397, -43.39032944539792, -43.39032944539792, -43.37407950895622, -43.37407950895622, -39.793087610388646, -39.793087610388646, -37.646553834879114, -37.646553834879114, -39.67598258383397]
[-10.467818166897436, -7.710864696512576, -7.710864696512576, -11.992515360727186, -11.992515360727186, -14.57335754241792, -10.467818166897436, -14.57335754241792, -10.467818166897436, -10.125544251593947, -11.992515360727186, -11.891591143358907]
[-31.86828162717681, -31.8671886506418, -31.8671886506418, -27.76299078386099, -27.76299078386099, -24.870074497443262, -24.870074497443262, -26.6252993990396, -26.6252993990396, -30.180726605985427, -30.180726605985427, -33.54765928901111, -33.54765928901111, -32.10320477114783, -32.10320477114783, -29.92267224154321, -29.92267224154321, -24.33418815573481, -24.33418815573481, -22.166169761860644, -22.166169761860644, -22.03865652582581, -22.03865652582581, -22.52130371789065, -22.52130371789065, -23.473319819998306, -23.473319819998306, -31.86828162717681]
[-4.8196439772824835, -4.360555091949921, -4.360555091949921, -5.485861857263498, -5.485861857263498, -6.08766187824884, -6.08766187824884, -3.8001391909513664, -5.485861857263498, -6.9672119194382764, -6.9672119194382764, -7.749135895331067, -7.749135895331067, -9.437251800403553, -9.437251800403553, -12.306996323644626, -11.629995122849385, -12.870490365329356, -12.870490365329356, -12.306996323644626, -12.306996323644626, -13.107321623060255, -13.107321623060255, -11.09598760456051, -12.870490365329356, -13.412333295947747, -13.412333295947747, -13.107321623060255, -13.412333295947747, -17.537536084546552, -17.537536084546552, -19.056769871048573, -19.056769871048573, -22.051155277614104, -22.051155277614104, -22.811242318871102, -22.956707743704943, -23.837316209142088, -23.837316209142088, -22.811242318871102, -22.811242318871102, -22.431419871391533, -22.431419871391533, -22.32747521669978]
[-37.01384164500548, -31.960116300488963, -31.960116300488963, -33.16723976289714, -33.16723976289714, -37.375234195100134, -33.16723976289714, -31.36460185057053]
[-17.835225091048674, -10.951263531738972, -10.951263531738972, -11.980830923706165, -11.980830923706165, -17.06610630059474, -17.06610630059474, -17.835225091048674, -11.980830923706165, -16.651531484853287, -10.951263531738972, -10.63260708937752, -17.06610630059474, -19.178321657836033]
[-16.651531484853287, -16.651531484853287]
[-10.63260708937752, -10.63260708937752]
[-19.178321657836033, -19.178321657836033]
[-21.25275023682516, -20.196078072031586]
[-25.66047620870688, -26.430420878103337, -26.430420878103337, -28.124234498009262, -28.124234498009262, -28.39573047693943]
[-35.461254607655576, -34.43170094490441, -34.43170094490441, -34.651218053483674, -34.651218053483674, -37.392975738841024, -37.392975738841024, -38.62925915092225, -38.62925915092225, -40.59145598411058, -40.59145598411058, -39.1124477408133, -39.1124477408133, -35.461254607655576]
[-51.65073145384266, -50.942917038156956, -50.942917038156956, -51.55027282445028, -51.55027282445028, -52.11075221305754, -52.11075221305754, -51.96503518009585, -51.96503518009585, -51.473599294616, -51.473599294616, -48.81926373428494, -48.81926373428494, -49.11997845808847, -53.619232010166094, -54.1450714640844, -54.1450714640844, -54.13200631901615, -54.13200631901615, -53.859716182043925, -53.859716182043925, -53.18823665643949, -53.18823665643949, -53.707541075105546, -53.707541075105546, -52.19826210200321, -52.19826210200321, -51.3937989789685, -55.43378469355964, -54.83561339367643, -54.83561339367643, -55.42184835629282, -55.42184835629282, -55.681832362103, -55.681832362103, -54.008475820900784, -54.008475820900784, -53.67943479995406, -57.53329092370126, -57.76986975084071, -57.76986975084071, -57.00300460446528, -57.00300460446528, -56.61414414982901, -56.61414414982901, -55.70654697303134, -55.70654697303134, -54.992960721741866, -58.43953050974186, -59.06361423232436, -59.06361423232436, -58.2800130083884, -58.2800130083884, -57.5648779514445]
