[232.20431081943542, 225.74949826222047, 225.74949826222047, 220.40102456305547, 220.40102456305547, 217.30128035159046, 217.30128035159046, 208.43061138931404]
[257.3514330769281, 355.2994223925073, 355.2994223925073, 72.6586756825279, 72.6586756825279, 139.82297787897136]
[200.54373699178245, 200.54373699178245]
[197.50618079418248, 197.50618079418248]
[225.94540639229905, 235.9155039298056, 235.9155039298056, 242.98518038574588, 242.98518038574588, 256.83853512924384, 256.83853512924384, 278.5279756111068, 278.5279756111068, 307.92063391580393, 307.92063391580393, 334.04441722661966, 334.04441722661966, 3.4164224489788304]
[204.3964299293401, 176.33436430402386, 176.33436430402386, 155.3851007067332, 155.3851007067332, 118.0978153999086, 118.0978153999086, 76.44734426941352, 76.44734426941352, 49.2093829946947, 49.2093829946947, 24.89219218377595]
[226.77837785413013, 220.98030773152198]
[241.70557802527125, 246.9084715988332, 246.9084715988332, 248.29053565040212, 248.29053565040212, 247.13195618083844, 247.13195618083844, 242.90825101650267, 242.90825101650267, 241.70557802527125]
[270.17228447527833, 270.17228447527833]
[279.9252652465301, 279.9252652465301]
[278.5146163715406, 288.56813455807173, 288.56813455807173, 294.78166004947417, 294.78166004947417, 288.1929920568314]
[316.8194478188415, 316.4331551354828, 316.4331551354828, 318.5501117971164, 318.5501117971164, 323.70522447597284, 323.70522447597284, 321.14602520848916, 321.14602520848916, 316.8194478188415]
[233.34840990669662, 229.70888326809856]
[342.82478918689907, 357.92412024322823, 357.92412024322823, 357.11707876034757, 357.11707876034757, 318.71494874078536, 318.71494874078536, 280.45261594398363, 280.45261594398363, 249.18532930608487]
[9.562172605313188, 8.57986276508704, 8.57986276508704, 357.48775654968165, 357.48775654968165, 355.63038771441023, 355.63038771441023, 353.83634819182816, 353.83634819182816, 1.2353767161710811, 1.2353767161710811, 9.562172605313188]
[348.7953258499005, 348.7953258499005]
[339.96825818272737, 342.04530983767415, 339.96825818272737, 332.7048723463232, 339.96825818272737, 349.55595772410936, 339.96825818272737, 334.68660805690797]
[12.545564019348195, 23.177408698544536, 23.177408698544536, 22.010990087612065, 22.010990087612065, 18.8577065278072, 18.8577065278072, 11.81941177377875, 11.81941177377875, 8.84106860952193, 8.84106860952193, 7.502510260780827]
[29.4719559678122, 19.050490308783765, 19.050490308783765, 15.366587444973169, 15.366587444973169, 11.18809304676374, 11.18809304676374, 10.449163045142637, 10.449163045142637, 11.11501201331114, 11.11501201331114, 11.660193663704867, 11.660193663704867, 11.996175054446752, 11.996175054446752, 12.45449084427211]
[43.29081190147419, 40.08766027250212, 40.08766027250212, 36.3763572125391, 36.3763572125391, 31.31419360210899, 31.31419360210899, 10.860532125423608, 10.860532125423608, 5.172484874360187, 5.172484874360187, 3.1880312802351463, 3.1880312802351463, 0.3672636569776427, 0.3672636569776427, 358.8543031927086]
[110.56854352817793, 91.64064339918392, 91.64064339918392, 85.62726633797901, 106.4043125453415, 96.41619020090452, 96.41619020090452, 86.21976105763311]
[297.19621454348254, 288.56360708655734, 288.56360708655734, 275.76301201009943, 277.04848800542635, 287.7460840833805, 287.7460840833805, 299.03517628782487]
[54.543987199934776, 48.659621506575014, 48.659621506575014, 44.98879925999972, 44.98879925999972, 47.096118943187506, 47.096118943187506, 50.155961096201295, 50.155961096201295, 54.302859163324186, 54.302859163324186, 50.89260208232036, 50.89260208232036, 57.65743620028263]
[264.19046520387184, 258.3333110891871, 258.3333110891871, 257.05706721157424, 257.05706721157424, 263.4078147001593, 263.4078147001593, 257.8779998841597]
[219.76180418833508, 211.24078978194038, 211.24078978194038, 211.89345071714558, 216.63560025582456, 214.5479528484367, 214.5479528484367, 201.52739731638678]
[180.77630009639446, 183.1640232077513]
[121.2511117719005, 128.20096563155892, 128.20096563155892, 129.7810586080382, 129.7810586080382, 124.9929028470804, 124.9929028470804, 118.52774015973608, 118.52774015973608, 116.57370912646952]
[140.90462038064885, 135.54635853183305, 135.54635853183305, 137.96097768277792]
[152.5860364093906, 152.5860364093906]
[141.28969831811017, 140.2083242319142, 140.2083242319142, 143.02316720164097, 143.02316720164097, 147.00096807891853, 147.00096807891853, 145.9958043359021, 145.9958043359021, 143.7315537467626, 143.7315537467626, 141.28969831811017]
[162.50383535494754, 162.50383535494754]
[160.8299495724289, 156.17808659822833, 156.17808659822833, 152.46271157130798, 152.46271157130798, 158.93274791484953, 158.93274791484953, 160.8299495724289]
[174.89805344354141, 174.89805344354141]
[193.0544062106213, 188.5417381087788, 188.5417381087788, 190.54935003830943]
[204.39876319986388, 204.39876319986388]
[162.3130454188356, 157.18467815472349, 157.18467815472349, 160.22073513971608, 160.22073513971608, 164.90275122849658, 164.90275122849658, 162.3130454188356]
[148.6845578792904, 149.1111136155877, 149.1111136155877, 164.4348126663271, 164.4348126663271, 170.6237959870675, 170.6237959870675, 181.97121672147338, 181.97121672147338, 190.60010336380336, 190.60010336380336, 196.7510807469824]
[190.9827119769366, 190.9827119769366]
[207.6148664748026, 205.01792384329983, 205.01792384329983, 204.33038693842855]
[172.19177247407646, 177.64159176848912, 177.64159176848912, 181.1981801994674, 181.1981801994674, 182.98265411638974, 182.98265411638974, 185.119304764244]
[164.83160245110815, 157.26555993862502, 157.26555993862502, 157.85088029160852, 157.85088029160852, 155.21475269259287, 155.21475269259287, 155.00250073810847]
[172.29296239646618, 172.29296239646618]
[172.84290275302746, 175.0862154947145, 175.0862154947145, 176.83913648095952]
[179.62211584497055, 179.16849472928763, 179.16849472928763, 177.7854427172623]
[180.8517655805028, 177.15059476318885, 177.15059476318885, 174.6973683128971, 174.6973683128971, 172.3550256719711, 172.3550256719711, 171.1463222734929]
[163.35086285156123, 163.52730413405513, 163.52730413405513, 167.33926517798758, 167.33926517798758, 168.4202400673627]
[165.8949773254667, 164.20308555795202, 164.20308555795202, 163.21508125493847, 164.2252101005101, 164.20308555795202, 164.20308555795202, 164.72241082612092]
[168.05314990976836, 168.05314990976836]
[163.8233418430312, 163.8233418430312]
[161.92293229490028, 161.92293229490028]
[181.89550907403492, 181.89550907403492]
[155.191187338914, 155.191187338914]
[171.18302265411992, 166.32024611532395, 166.32024611532395, 166.56693434311555, 166.56693434311555, 167.15123176448802, 167.15123176448802, 163.94888882287538, 163.94888882287538, 161.64641869767618, 161.64641869767618, 159.63745186856272]
[171.73989125395866, 173.9769726767014, 171.73989125395866, 171.474725633495, 171.474725633495, 173.9769726767014, 173.9769726767014, 173.83453636390388, 173.83453636390388, 172.00278621575782, 172.00278621575782, 170.02055681806928, 170.02055681806928, 171.474725633495, 174.42360232413367, 173.98944861147163, 173.98944861147163, 172.22992021384792, 172.22992021384792, 169.70002543217325, 169.70002543217325, 170.02055681806928, 173.83453636390388, 173.98944861147163, 174.42360232413367, 174.49573001241757, 174.49573001241757, 173.28182538022546, 173.28182538022546, 172.8066141508873, 172.8066141508873, 172.22281812053097, 172.22281812053097, 169.99798584279742, 169.99798584279742, 169.70002543217325]
[161.41858362356763, 159.805983509167, 159.805983509167, 156.41337528758336]
[155.40174050632632, 153.13323298364634, 153.13323298364634, 152.0960034143561]
[147.10516986223573, 148.3277704869907, 148.3277704869907, 149.9967557979929, 149.9967557979929, 151.95559185487588]
[146.89318197959145, 147.89086100411626, 147.89086100411626, 148.1136345209683, 148.1136345209683, 149.00043129488432]
[116.68713269993552, 118.0312715276056]
[138.37849308277893, 139.94639678978936]
[155.64361677064667, nan]
[248.54151542641242, 252.6422558815689, 252.6422558815689, 256.7779623822888, 256.7779623822888, 262.17653501028786, 262.17653501028786, 270.67661474480974, 270.67661474480974, 274.86842280587763, 274.86842280587763, 271.6404364942174, 271.6404364942174, 262.2648384484458, 262.2648384484458, 256.055820908599, 256.055820908599, 250.17981353262402, 250.17981353262402, 243.4259990755625]
[236.84534217236802, 234.50849268220696, 234.50849268220696, 230.7999432782901, 230.7999432782901, 227.7304423102892, 227.7304423102892, 225.1034458650877, 225.1034458650877, 221.82858945536614, 221.82858945536614, 223.90422594496712, 223.90422594496712, 225.39968897901517, 225.39968897901517, 230.62744566046584, 230.62744566046584, 231.5344643996986, 231.5344643996986, 235.70138193612456]
[248.51803262812817, 250.9600364007522, 250.9600364007522, 252.53437371053718, 252.53437371053718, 250.10764083001115, 250.10764083001115, 248.46434325999283, 248.46434325999283, 245.8932845373509, 245.8932845373509, 248.51803262812817]
[240.678710327003, 238.81629591189431]
[253.57193502744946, 254.49415133074962]
[258.8469490754953, 257.69130471123685, 257.8099141840858, 258.8469490754953, 258.8469490754953, 257.7355802122964]
[259.91786176126675, 260.0109343566037]
[261.48490587797056, 259.9526571433027]
[261.539357618682, 259.8191096995513]
[252.2247930985401, 252.2247930985401]
[247.32898364363342, 247.32898364363342]
[242.89128354438884, 244.40983015691256, 244.40983015691256, 244.56822942115048, 244.56822942115048, 244.84174784833286]
[232.94200404627128, 235.23112392380193]
[242.58561997046868, 241.74345577179062, 241.74345577179062, 239.54731154623886, 239.54731154623886, 240.55111301344627, 240.55111301344627, 239.73152738529782]
[237.8574975039077, 238.78635902607186, 238.78635902607186, 246.53963312644032, 246.53963312644032, 249.3037462521266]
[228.42897129907143, 223.17426522418302, 223.17426522418302, 221.61929414535882, 221.61929414535882, 223.1631529518536, 223.1631529518536, 225.19722869066726, 225.19722869066726, 226.93725749695244, 226.93725749695244, 229.0729826695409, 229.0729826695409, 230.3842740885469, 230.3842740885469, 230.68132946620116, 230.68132946620116, 228.42897129907143]
[249.3455952371463, 242.23834183061558, 242.23834183061558, 237.5123950980806, 237.5123950980806, 229.91642268411624, 229.91642268411624, 221.6462951391589, 221.6462951391589, 216.04390977599533, 216.04390977599533, 207.84281174391487]
[260.244710371976, 260.54115592123287, 260.54115592123287, 252.76138323056045, 252.76138323056045, 250.91069574306854, 250.91069574306854, 246.23680236389401, 246.23680236389401, 245.5534586940464, 245.5534586940464, 240.80308334269841, 240.80308334269841, 236.23978392191287, 236.23978392191287, 235.8105534793189]
[250.1094902643703, 250.8466873313337, 250.8466873313337, 252.34428809388746]
[188.3068061067326, 190.95241173307338]
[187.9955309340617, 190.11194038563764]
[193.18546293314603, 190.9371800672599]
[184.65564764858215, 184.65564764858215]
[195.5532437722876, 193.34547466272616, 193.34547466272616, 193.1509395746196]
[189.7791851896187, 186.46485588433868]
[190.6841205377349, 186.4802480187594]
[194.97038081686543, 203.68880019155293, 203.68880019155293, 197.33869137250576, 197.33869137250576, 193.377640973446, 193.377640973446, 186.50171590314042, 186.50171590314042, 184.46921629712838, 184.46921629712838, 183.0985134239611, 183.0985134239611, 184.13454207555554, 184.13454207555554, 184.7549290685455, 184.7549290685455, 184.1549016961906]
[193.03471152162757, 193.0179984046821, 195.0440307190688, 196.90597810112052, 196.90597810112052, 193.03471152162757]
[182.92393956111854, 190.13288812007588]
[204.69777254909562, 203.5636472026009, 203.5636472026009, 201.83638430834483]
[201.26338067382173, 200.01557041364532, 200.01557041364532, 199.64437259548808]
[195.6176001135593, 194.08672093383157, 194.08672093383157, 193.25554870635196]
[200.9806072722745, 200.5099861020092, 200.5099861020092, 195.86344752558398]
[188.84982803097458, 187.69318353779488, 187.69318353779488, 187.8125395726342]
[200.10286152716668, 201.06515776793685, 201.06515776793685, 204.27883464916968, 200.10286152716668, 201.4913207279745]
[202.16907343790334, 202.16907343790334]
[204.97268142271113, 202.72603610176586, 202.72603610176586, 201.11970862772077, 201.11970862772077, 200.35613039263583, 200.35613039263583, 199.33066032023984, 199.33066032023984, 197.8239215112931, 197.8239215112931, 192.89645628316018]
[209.6596434985228, 208.46758115234974, 208.46758115234974, 208.41198941739304]
[196.71622798798847, 194.7565038396416, 194.7565038396416, 195.26389295551]
[202.30196609927123, 201.72588519770943]
[199.27624542412156, 197.77055057477762]
[209.13717440032727, 214.10739155552844, 214.10739155552844, 220.16894007260854, 220.16894007260854, 215.98585893494888]
[224.49783498189862, 224.49783498189862]
[203.83990436291282, 203.83990436291282]
[210.2989808642941, 207.80787989540352, 207.80787989540352, 207.10449890222532]
[211.38209931629916, 206.7254079401635, 206.7254079401635, 204.96565645446282]
[203.07597980979656, 202.43662710229802, 202.43662710229802, 201.632117850243, 201.632117850243, 201.45125550760463, 201.45125550760463, 201.50865123113567, 201.50865123113567, 202.78142023267293, 202.78142023267293, 203.07597980979656]
[211.74461263698254, 210.41413177875526, 210.41413177875526, 209.43755009302268]
[211.0681685282561, 210.36201671323056, 210.36201671323056, 205.30074593381408]
[219.4725082879216, 220.625547706622]
[211.43957849764476, 211.43957849764476]
[210.5538777326637, 208.89324222545181, 208.89324222545181, 206.14703983612043]
[213.80439866670787, 214.685903406702, 214.685903406702, 211.92218373132218]
[208.11273153965485, 207.21249494104592, 207.21249494104592, 205.54812510771103]
[215.0979268511752, 215.36191641357726, 215.36191641357726, 216.35441276253815]
[215.6931834231545, 214.56174427808517, 214.56174427808517, 217.74648044468526]
[209.20919141276372, 208.96209220363392, 208.96209220363392, 207.31502462112374]
[214.42149911075933, 211.135481853187, 211.135481853187, 210.07281802376892]
[215.7341122180521, 213.07026889228686, 213.07026889228686, 213.8951395814851]
[218.268865179266, 218.746125090111, 218.746125090111, 217.47010849635254]
[227.09449453240435, 225.6036939483765, 225.6036939483765, 224.93105499168774, 224.93105499168774, 224.16589624069317, 227.3541140773085, 227.09449453240435]
[227.3541140773085, 227.48306417176684]
[228.7289229267932, 228.7289229267932]
[231.64081529300893, 232.50108404600934, 232.50108404600934, 233.67856589159618]
[236.1391514879726, 233.473841242018, 233.473841242018, 231.6837140572963, 231.6837140572963, 232.64812156400325]
[nan, 225.77756582166958, 225.77756582166958, 224.5090948636024, 224.5090948636024, 222.19953118104098]
[223.73113728168363, 223.73113728168363]
[225.7063305722818, 222.3082311492745]
[230.40511201883487, 232.3213245768121, 232.3213245768121, 233.7113224804716]
[229.58023087387244, 233.035068418548, 229.58023087387244, 231.89824377299183, 226.2997422472586, 223.9792836502161, 226.2997422472586, 223.42674994072232, 228.56876247014213, 226.3385528051509, 228.56876247014213, 229.11095656194684, 231.05707294750232, 232.0214342026389, 231.05707294750232, 234.3037870353027, 229.58023087387244, 226.2997422472586, 226.2997422472586, 228.56876247014213, 228.56876247014213, 231.05707294750232, 231.05707294750232, 229.58023087387244]
[236.47737847692008, 236.4102840543427, 236.4102840543427, 236.3030628631997, 236.3030628631997, 240.52165516876656, 240.52165516876656, 246.63874915276546, 246.63874915276546, 249.606788540442, 249.606788540442, 248.53374238189917, 248.53374238189917, 246.65353460109452, 248.53374238189917, 245.93307419974224, 236.4102840543427, 236.5263287138728]
[236.5263287138728, 236.5263287138728]
[241.60064620622288, 245.6083085043416, 245.6083085043416, 246.1667125983066, 246.1667125983066, 244.01266894507032, 244.01266894507032, 239.39320175187308]
[247.75580865569447, 246.4913438116566, 246.4913438116566, 245.32906685492424, 245.32906685492424, 243.51352540788793]
[250.632094924946, 250.632094924946]
[251.95280024924347, 251.95280024924347]
[255.45898085569576, 259.2915442640533, 259.2915442640533, 259.4646788108714, 259.4646788108714, 257.49981640032007]
[259.9210000488356, 258.2248559249757, 258.2248559249757, 258.0288618277022]
[254.4753711159571, 254.4753711159571]
[258.5395785124123, 261.56513602904056, 261.56513602904056, 265.77707463598375, 265.77707463598375, 268.25906294611724, 268.25906294611724, 271.0108291398799, 271.0108291398799, 269.6480783449824]
[269.4764788789664, 271.1436702454848, 271.1436702454848, 272.49452851945944, 272.49452851945944, 274.69105626269544, 274.69105626269544, 275.8202190978437, 275.8202190978437, 276.03130249777826]
[273.230801746502, 274.589333982681, 274.589333982681, 273.2630648211095, 273.2630648211095, 272.5450567715908, 272.5450567715908, 272.04162120776607, 272.04162120776607, 270.8806361282326, 270.8806361282326, 268.97711617885517, 268.97711617885517, 266.88128281830706, 266.88128281830706, 265.20186662512106]
[270.23028226124995, 269.59423590696207, 269.59423590696207, 267.658743513418, 267.658743513418, 267.1114431229948, 267.1114431229948, 263.7427992684831, 263.7427992684831, 261.0964350788504, 261.0964350788504, 260.6835757674199, 260.6835757674199, 260.52422607595605, 260.52422607595605, 261.8743664624505, 261.8743664624505, 264.08401724858385, 264.08401724858385, 266.117407961962, 266.117407961962, 267.9373636061376, 267.9373636061376, 269.5267378001633, 269.5267378001633, 270.14001592588414, 270.14001592588414, 270.23028226124995]
[281.2287794942748, 283.36489152236106]
[253.90314456877132, 253.5066234647847, 253.5066234647847, 253.43935407970628, 253.43935407970628, 254.7705259225095, 254.7705259225095, 257.7360108213075, 257.7360108213075, 260.02473589857, 260.02473589857, 258.910259546567, 258.910259546567, 256.2693833485638, 256.2693833485638, 253.90314456877132]
[278.8241875401696, 275.990636648529]
[283.49422341364806, 284.29391537203253, 284.29391537203253, 285.0576044019497, 285.0576044019497, 283.6722182829092, 283.6722182829092, 283.49422341364806]
[278.91125026381167, 276.1087163707076, 276.1087163707076, 274.31194059631446, 274.31194059631446, 276.57698901791144, 276.57698901791144, 281.17690379111184, 281.17690379111184, 280.6362837253319, 280.6362837253319, 278.91125026381167, 283.34319560625335, 280.6362837253319, 273.1684514578814, 276.1087163707076, 274.31194059631446, 272.41088057333457, 282.00933918259267, 281.17690379111184]
[261.37262201740776, 261.37262201740776]
[291.04994585524014, 292.3200633606299, 292.3200633606299, 292.93773268285383, 292.93773268285383, 292.74795431180235, 292.74795431180235, 291.04994585524014, 291.04994585524014, 291.14891555616504, 291.04994585524014, 290.51173440279047]
[290.22474441819213, 289.6062299430754, 289.6062299430754, 288.35482114926714, 292.46674124332117, 293.0561259357637, 293.0561259357637, 290.750843177706, 295.0488458595989, 295.1244272592419, 295.1244272592419, 294.49768759302344, 295.1244272592419, 293.0561259357637, 293.0561259357637, 289.6062299430754]
[291.1263649667482, 294.46036221219873, 294.46036221219873, 290.6930841456659, 294.46036221219873, 303.6464043049572, 303.6464043049572, 302.79110739348596, 303.6464043049572, 302.211602487192, 303.6464043049572, 309.9729797951685, 306.3505044221892, 309.9729797951685, 309.9729797951685, 308.80319855498766]
[286.5232753852932, 285.6273012230653, 285.6273012230653, 284.6653454145481]
[272.8352391458609, 270.87568299327893, 270.87568299327893, 272.62055623693766]
[289.4269396015675, 288.0846052816028, 288.0846052816028, 285.7015583514741, 285.7015583514741, 288.5913813078334, 288.5913813078334, 290.2111349954317, 290.2111349954317, 291.4742004269199, 291.4742004269199, 293.73448963637503, 293.73448963637503, 292.00396167908264, 292.00396167908264, 293.2667497432868]
[282.4302949256588, 284.2407397171443, 284.2407397171443, 281.3487863205603, 281.3487863205603, 276.74516025575383, 276.74516025575383, 278.81625952299044, 278.81625952299044, 281.19807039963445, 281.19807039963445, 279.5485097216689, 279.5485097216689, 276.7779198008402, 276.7779198008402, 280.70408813310286]
[291.9392403320471, 289.86168324320494, 289.86168324320494, 288.14586634486136, 288.14586634486136, 285.33103922377603]
[295.64712388832675, 295.8630495246746, 295.8630495246746, 295.5537209793938]
[274.90536904746983, 273.31832831710744, 273.31832831710744, 275.40794224475854, 275.40794224475854, 277.924953404925]
[276.2516271327392, 279.9475422302609, 279.9475422302609, 280.4318030171165, 280.4318030171165, 282.5543093145853, 282.5543093145853, 283.67064633209907]
[298.23870887312785, 299.5348958240376, 299.5348958240376, 299.6864995772433, 299.6864995772433, 298.6189468145529]
[296.06356743540573, 296.58459381671315, 296.58459381671315, 294.26633577796105, 294.26633577796105, 293.917489821502]
[296.65987435808984, 297.86205902271735, 297.86205902271735, 297.47528073676744, 297.47528073676744, 296.3319309579936, 296.3319309579936, 296.65987435808984, 296.65987435808984, 297.1342016414314]
[300.04543877216685, 298.30405018021617, 298.30405018021617, 297.6790055373587, 297.6790055373587, 298.59268831235545, 298.59268831235545, 299.17196858776765, 299.17196858776765, 300.04543877216685]
[307.6460142928084, 309.2734444646981, 309.2734444646981, 308.84800702287407, 308.84800702287407, 305.0286259967453, 305.0286259967453, 301.86415454213187, 301.86415454213187, 295.4713507462103, 295.4713507462103, 288.44938601850794, 288.44938601850794, 296.6106854383031, 296.6106854383031, 301.59885906568365, 301.59885906568365, 307.6460142928084]
[283.4836789481854, 286.0969765308442, 286.0969765308442, 288.99360400287543, 288.99360400287543, 291.3254565601871]
[277.26267591704215, 275.7982465996102, 275.7982465996102, 273.8228407455294, 273.8228407455294, 272.3089135990186, 272.3089135990186, 269.3171108064792, 269.3171108064792, 267.6064462711941, 267.6064462711941, 265.79627366674987]
[297.69752238227136, 296.40001373014184]
[294.0001306062942, 294.0001306062942]
[299.31959242859887, 296.79116108511835]
[296.44593992651875, 296.44593992651875]
[299.5572361975772, 299.5572361975772]
[300.25415502860244, 300.25415502860244]
[302.2172189712543, 301.5961652606165]
[300.874907488798, 300.874907488798]
[301.81984591074973, 301.81984591074973]
[304.39648746064705, 306.4025054382436]
[303.8883211122566, 303.8883211122566]
[303.15336044247863, 303.15336044247863]
[309.58985130010865, 306.4099757309256]
[314.05428699688, 312.11137394351096]
[313.00387988691625, 312.08532457312754]
[306.4196930351173, 305.40675085741384]
[314.30970862595933, 315.68296583655115]
[307.6565622039316, 307.0764291511657]
[321.7368514653539, 320.88700512063883]
[312.7793158393613, 313.44012276215125, 313.44012276215125, 314.73361499481496, 314.73361499481496, 316.9435129364046, 316.9435129364046, 317.0242680154244, 317.0242680154244, 317.5294497306578, 317.5294497306578, 316.23571949990105, 316.23571949990105, 315.4242473042553, 315.4242473042553, 309.88363676263896, 309.88363676263896, 308.54841369562087, 308.54841369562087, 308.7220652606784, 308.7220652606784, 309.25682619114593, 309.25682619114593, 309.5219982273637, 309.5219982273637, 312.7793158393613]
[318.336235460121, 315.4523246095005, 315.4523246095005, 324.9096032723783, 324.9096032723783, 325.67420118730166]
[307.43093232271974, 306.8816144537824, 306.8816144537824, 305.2064282277958]
[318.5132138257615, 319.97374871432925, 319.97374871432925, 313.74743018314524, 319.97374871432925, 323.48105524970435]
[324.30457996622454, 322.437269517654, 324.30457996622454, 325.93484931601984, 324.30457996622454, 323.48105524970435]
[316.49660419126684, 317.03042805240307, 316.49660419126684, 315.0225469570883, 316.49660419126684, 316.9637359662169, 316.49660419126684, 314.91337229562623]
[323.9119800237331, 320.17933334464385, 320.17933334464385, 320.2904980797008]
[323.26262860049457, 322.2868827863219, 322.2868827863219, 321.5197746605947]
[329.4575841848408, 327.053668531556, 327.053668531556, 323.3866898133802, 323.3866898133802, 317.55865473160725, 317.55865473160725, 315.6421818306066, 315.6421818306066, 313.62459389124854, 313.62459389124854, 314.3202564802578, 314.3202564802578, 317.55865473160725]
[345.54529183959124, 339.3605052120838, 339.3605052120838, 332.8013535795672, 332.8013535795672, 327.31212666265947, 327.31212666265947, 321.3752191536005, 321.3752191536005, 318.38037246663083, 318.38037246663083, 308.8973885274179, 308.8973885274179, 303.2805369036992, 303.2805369036992, 307.4534089674412]
[328.270749914705, 334.8892458178165, 334.8892458178165, 330.15213791526867, 324.21550809977776, 334.8892458178165, 334.8892458178165, 324.97485592010094]
[326.3520049240358, 324.6144922778451, 324.6144922778451, 322.6148009777944, 322.6148009777944, 321.08434792514936]
[321.3104329515973, 322.3705926821288, 322.3705926821288, 321.608858503928, 321.608858503928, 319.7365812405367, 319.7365812405367, 319.03584410000764, 319.03584410000764, 318.03590127474683, 318.03590127474683, 317.55654757150785, 317.55654757150785, 318.6048233488192, 318.6048233488192, 319.4573560047602, 319.4573560047602, 320.5817070363948, 320.5817070363948, 321.3104329515973]
[318.23105259301525, 317.78996432005914]
[333.8270860702388, 334.0627991152917, 334.0627991152917, 337.9594152582499, 334.0627991152917, 330.6104189344166, 334.0627991152917, 328.8547938444118]
[328.8547938444118, 329.19882200275316]
[330.6104189344166, 329.7264108009516]
[337.9594152582499, 339.0940651742889]
[343.1891298550498, 339.7388226054908, 339.7388226054908, 334.94328119328844, 334.94328119328844, 334.18401918512, 334.18401918512, 332.33810973915575, 332.33810973915575, 330.5944302122984]
[329.2787699731498, 327.933061666265]
[346.8061129666436, 347.61198311630335, 347.61198311630335, 348.47089740606145, 348.47089740606145, 347.60817795345434, 347.60817795345434, 346.8061129666436, 346.8061129666436, 335.52963012736154, 335.52963012736154, 329.9692695307591, 329.9692695307591, 324.24355024509026, 324.24355024509026, 317.8910107211616, 317.8910107211616, 312.78751474397495, 312.78751474397495, 310.97229857178456, 310.97229857178456, 309.98924407052664, 309.98924407052664, 311.46616888938263, 311.46616888938263, 312.78751474397495]
[339.3245471467786, 338.08033890290073, 338.08033890290073, 335.7503624602251]
[330.27493049377165, 330.27493049377165]
[323.1852422153292, 323.1852422153292]
[341.55669098589334, 345.25673358305914, 345.25673358305914, 346.80317859091286, 346.80317859091286, 345.1981668045248, 345.1981668045248, 338.2813965151632, 338.2813965151632, 336.1247469219681, 336.1247469219681, 334.32395190046935, 334.32395190046935, 332.14364477042056, 332.14364477042056, 327.83980341182814, 327.83980341182814, 333.4883921993532, 333.4883921993532, 335.2646420661255, 335.2646420661255, 337.11525121221973, 337.11525121221973, 338.2685418197247, 338.2685418197247, 338.64501062655063, 338.64501062655063, 342.6607691542078, 342.6607691542078, 343.2406390209569, 343.2406390209569, 342.68424299527567, 327.83980341182814, 329.33124577890294, 327.83980341182814, 326.2859711135173, 327.83980341182814, 323.3293839849997, 327.83980341182814, 326.22317656905443, 327.83980341182814, 327.2048287251762]
[358.94897320421313, 358.6755049106002, 358.6755049106002, 354.38857134726027, 354.38857134726027, 347.06935128892644, 347.06935128892644, 349.87252231011587, 4.062509034553348, 355.8017474637257, 355.8017474637257, 354.38857134726027, 354.38857134726027, 353.8006245501385, 353.8006245501385, 349.84466970495214]
[350.77541148504486, 352.03661981107666, 352.03661981107666, 348.2141286725623]
[344.57785889476395, 343.7814730298838, 343.7814730298838, 344.58415272988935]
[342.47936872834043, 342.56513945967913, 342.56513945967913, 341.8154674849929]
[344.7143411851902, 343.3329733744815, 343.3329733744815, 342.24785597425966]
[339.9673082143387, 338.0924645194298, 338.0924645194298, 337.30916007176154]
[336.34394441793614, 336.11925273301017, 336.11925273301017, 335.8362714815004]
[332.8184920403953, 330.1475781811457, 330.1475781811457, 329.85674066317836]
[331.53057835869066, 330.02469764356687, 330.02469764356687, 328.9456893421401]
[327.15523685985715, 328.141544163972, 328.141544163972, 324.75716405912084]
[324.80605310703504, 323.45033403525366, 323.45033403525366, 325.9456287826798]
[325.21968003639444, 323.95157880186406, 323.95157880186406, 322.8817975117445]
[313.5480892293368, 316.54815061281573, 316.54815061281573, 313.80262057403087]
[319.40231833868717, 320.59801935846514, 320.59801935846514, 322.51380386960125]
[341.2948068091907, 336.5237681395524, 336.5237681395524, 338.8806852942191]
[333.75543600804264, 333.8261426188941, 333.8261426188941, 332.92860102169]
[350.58458545769895, 349.50904435229364]
[347.0848961784912, 342.2563036760033, 342.2563036760033, 339.29131361345435, 339.29131361345435, 336.5246840267255, 336.5246840267255, 333.2217388419666]
[345.87027482399765, 342.7043883168211, 342.7043883168211, 338.9093268244178, 338.9093268244178, 340.66313227225123]
[357.3049323524913, 357.93769158934464, 357.93769158934464, 357.8780919298298, 357.8780919298298, 357.670112046272, 357.670112046272, 356.16871623494444, 356.16871623494444, 354.2106598362745, 354.2106598362745, 350.12216132798943, 350.12216132798943, 350.52324713637154, 350.52324713637154, 351.8421920018259, 351.8421920018259, 353.3073819323876, 353.3073819323876, 357.3049323524913]
[9.0461614958104, 2.3796849792954777, 2.3796849792954777, 3.4500822917365217, 2.3796849792954777, 355.759827187752, 355.759827187752, 354.2347870826825]
[351.8081502109526, 349.77497919637887]
[359.21437220008767, 0.8723389418565698, 0.8723389418565698, 3.973727465668568, 3.973727465668568, 5.589673393841407, 5.589673393841407, 4.400563457941369, 4.400563457941369, 4.562791673077009, 4.562791673077009, 6.495632260797932, 6.495632260797932, 5.189276067969091, 5.189276067969091, 4.712575413442208, 4.712575413442208, 1.2271932029355659, 1.2271932029355659, 358.839597256287, 358.839597256287, 356.6931954599238, 356.6931954599238, 356.8682137551095, 356.8682137551095, 356.26936324835617, 356.26936324835617, 356.3696282157876, 356.3696282157876, 357.21688592724814, 357.21688592724814, 359.21437220008767]
[17.713524580802098, 15.577430236921787, 15.577430236921787, 12.478030919110092, 12.478030919110092, 9.664562483849707, 9.664562483849707, 5.545656431748355, 5.545656431748355, 2.864637577059995, 2.864637577059995, 359.3343676652908]
[0.5082095425109481, 3.0919245377818263, 3.0919245377818263, 6.473894741381537, 6.473894741381537, 7.2352657479140445, 7.2352657479140445, 6.640094599461743, 6.640094599461743, 4.24890919464368, 4.24890919464368, 0.03017800641003698, 0.03017800641003698, 0.5082095425109481]
[358.2783103570878, 358.2783103570878]
[14.446298123673106, 14.446298123673106]
[3.586442008344421, 3.6382912448186646, 3.6382912448186646, 8.371509185833705, 8.371509185833705, 10.28219980697731, 10.28219980697731, 12.281874999162131, 12.281874999162131, 13.250844838391831, 13.250844838391831]
[6.5424864864720345, 6.5424864864720345]
[0.26271325311912114, 358.7277404780236, 358.7277404780236, 356.8689321061028, 356.8689321061028, 356.12552566006616, 350.0632567386816, 0.26271325311912114, 350.0632567386816, 358.7277404780236, 350.0632567386816, 356.8689321061028, 350.0632567386816, 356.12552566006616]
[355.1642233103659, 355.1642233103659]
[18.104807581320294, 15.185331686734074, 15.185331686734074, 14.975042059124794]
[20.966899990496273, 20.926817205827, 20.926817205827, 19.123355560680878, 19.123355560680878, 19.572038064675667, 19.572038064675667, 20.966899990496273, 20.966899990496273, 23.64864750912943]
[12.257120561420924, 10.45142422492744, 10.45142422492744, 9.252996902487173, 9.252996902487173, 9.72929860131837, 9.72929860131837, 11.70169341489572, 11.70169341489572, 10.45142422492744]
[18.207757486621933, 13.854837683197852, 13.854837683197852, 15.548762297227707, 15.548762297227707, 8.488467115387683, 8.488467115387683, 4.600332150517866, 4.600332150517866, 358.3668857899172]
[22.13053399452005, 19.81950219481432, 19.81950219481432, 19.003792885905927]
[11.151252726653695, 9.996434149334863, 9.996434149334863, 10.534757098248377, 10.534757098248377, 10.088065034096342, 10.088065034096342, 11.005819340221283, 11.005819340221283, 13.014264088626124, 13.014264088626124, 14.809664928345992, 14.809664928345992, 18.083987804491255, 18.083987804491255, 19.01115875927132, 19.01115875927132, 20.673261470406057, 20.673261470406057, 16.32200037056954, 16.32200037056954, 11.151252726653695]
[26.60367114290539, 27.571077251913827, 27.571077251913827, 28.203347191223006]
[28.012660247283947, 23.95013975000659, 23.95013975000659, 20.18093562341702, 20.18093562341702, 23.018542525387183, 23.018542525387183, 28.012660247283947, 28.012660247283947, 31.732010597415513, 31.732010597415513, 32.66216448798195, 32.66216448798195, 26.009308497292942, 26.009308497292942, 27.983420616279314, 27.983420616279314, 27.188472060451122, 27.188472060451122, 27.68379115875176, 27.68379115875176, 25.42401580057775, 25.42401580057775, 22.919751391947152, 22.919751391947152, 22.300314825413643]
[39.15080260023387, 39.15065499230472, 39.15065499230472, 38.46473115303974, 38.46473115303974, 37.93048832422911]
[24.03990379216477, 26.873474796489912, 26.873474796489912, 30.66657343558403, 30.66657343558403, 31.322366205679987, 31.322366205679987, 31.41712063882912, 31.41712063882912, 30.915420116294094, 30.915420116294094, 27.525429977063197, 27.525429977063197, 25.412039013506924]
[25.63706192433352, 29.15312888553679, 29.15312888553679, 34.12583803874197, 34.12583803874197, 37.168095856125376, 37.168095856125376, 38.718364654192726, 38.718364654192726, 44.72878395312941, 44.72878395312941, 46.07542371435944, 46.07542371435944, 46.533959116382704, 46.533959116382704, 43.81120845520809]
[29.330622642780536, 29.330622642780536]
[41.44214613145552, 41.44214613145552]
[41.75755918648292, 41.674443138250076, 41.674443138250076, 41.91615867668343, 41.91615867668343, 41.70683460999782, 41.70683460999782, 42.341037137271755, 42.341037137271755, 42.073056092578405, 42.073056092578405, 42.75295476259139]
[35.93211486916144, 35.93211486916144]
[46.70601349947076, 46.70601349947076]
[36.59477990687732, 36.99991834439139, 36.59477990687732, 36.193611018303926, 36.59477990687732, 34.66173588988254, 36.59477990687732, 33.95876260410297]
[39.93573276614259, 43.23899227834798, 43.23899227834798, 43.9864290157857, 43.9864290157857, 43.23396048759336, 43.23396048759336, 40.83834986573379, 40.83834986573379, 40.210320262742115]
[42.01276218392534, 42.01276218392534]
[46.622034638320564, 46.6621164416053, 46.6621164416053, 47.793416550899146, 47.793416550899146, 50.73217440579647]
[26.1715038953644, 24.43878458097213, 24.43878458097213, 27.910231416246287, 24.618187768696817, 27.888089343446733, 27.888089343446733, 23.360339430035427]
[47.936211126689, 44.811368553121916, 44.811368553121916, 43.89377657856053, 43.89377657856053, 41.25949779388762, 41.25949779388762, 36.897469179994175, 36.897469179994175, 31.991531983756108, 31.991531983756108, 29.168432997800746, 29.168432997800746, 29.720233940423217, 29.720233940423217, 31.412214777786268, 31.412214777786268, 34.538505038303306, 34.538505038303306, 38.80429366987125, 38.80429366987125, 42.45766912646352, 42.45766912646352, 45.950667086668346, 45.950667086668346, 46.21893628758535, 46.21893628758535, 47.84147755213728, 47.84147755213728, 49.37389456774624]
[52.818057400069335, 52.16509186494504, 52.16509186494504, 51.57256081979008, 51.57256081979008, 50.96944958556421, 54.85652340767592, 53.12913762006319, 53.12913762006319, 52.581777644423894, 52.581777644423894, 50.96944958556421, 50.96944958556421, 46.526093175657785, 54.85652340767592, 55.736046240508955]
[55.736046240508955, 55.736046240508955]
[51.912967002370976, 51.733077729668025]
[55.35777056083102, 57.440544489729994, 57.440544489729994, 57.78502441707958, 57.78502441707958, 55.76883173601985, 55.76883173601985, 55.35777056083102, 55.35777056083102, 52.50137826009733, 52.50137826009733, 50.48832720102116, 50.48832720102116, 47.67645417823221, 47.67645417823221, 47.65571710211714]
[67.03928738300857, 64.96545422805438, 64.96545422805438, 64.00710463667292, 64.00710463667292, 62.21571825450056, 62.21571825450056, 61.0421600145719, 61.0421600145719, 55.793554202482674]
[57.19495751438078, 58.4365538636529, 58.4365538636529, 60.074513384688366, 60.074513384688366, 58.312428079143686, 58.312428079143686, 57.19495751438078]
[53.565555558399275, 56.386783011585386, 56.386783011585386, 56.58935841675112, 56.58935841675112, 56.6558001614959, 56.6558001614959, 56.611047354358476, 56.611047354358476, 55.746336458203245, 55.746336458203245, 51.78974777595602, 51.78974777595602, 52.202587177813825, 52.202587177813825, 51.77700909254703, 51.77700909254703, 53.565555558399275]
[58.26622808742911, 61.130929253142135, 61.130929253142135, 71.68578564694931, 71.68578564694931, 73.01940697640114, 73.01940697640114, 65.96059209710482]
[68.75790083651178, 69.1307092566889, 69.1307092566889, 67.09573704795568]
[70.87672252718748, 70.70764160222629, 70.70764160222629, 70.13606532134115]
[59.47187235611322, 57.97343164704638, 57.97343164704638, 58.52414478067173]
[65.52210605202171, 65.74032604779251, 65.74032604779251, 65.55609734122174, 65.55609734122174, 63.76333981342251, 63.76333981342251, 63.39119999614717]
[63.44333602232589, 63.071759953627655, 63.071759953627655, 62.80696673853885]
[69.5918627373634, 69.5918627373634]
[63.26409136536789, 62.017108878962624, 62.017108878962624, 60.17246401804111, 60.17246401804111, 59.97350052813255, 59.97350052813255, 60.11886481523232, 60.11886481523232, 59.171503192213024, 59.171503192213024, 59.156607988461246, 59.156607988461246, 59.614001624755105, 59.614001624755105, 60.653542475882155]
[54.344145410615255, 55.29839728277624, 55.29839728277624, 56.93712034247471, 56.93712034247471, 56.692808585279856, 56.692808585279856, 59.09614827028016, 59.09614827028016, 58.99493869097978, 58.99493869097978, 60.99694683255175, 60.99694683255175, 61.358930633794536, 61.358930633794536, 64.57981079042094]
[58.586320562765685, 59.20414905734956, 59.20414905734956, 56.691205687302116, 56.691205687302116, 55.08292262139099, 55.08292262139099, 47.985176517605076, 47.985176517605076, 48.02392560052327, 48.02392560052327, 46.437959031748925, 46.437959031748925, 45.327281412194395, 45.327281412194395, 43.667665881032896, 43.667665881032896, 41.199971355130224, 41.199971355130224, 35.037772075517715, 35.037772075517715, 30.285508345614662, 30.285508345614662, 30.389551935322967]
[70.10789528501147, 70.07222662462239, 70.10789528501147, 70.60956006839207]
[72.72502181494784, 74.07386531134107, 74.07386531134107, 75.89915196197332, 75.89915196197332, 76.19637992696592]
[77.93808779583918, 81.7824155819651, 81.7824155819651, 81.9211654430693, 81.9211654430693, 82.29381049993651, 82.29381049993651, 82.24987345950846, 82.24987345950846, 81.93270037587054, 81.93270037587054, 78.83310879163696, 78.83310879163696, 77.00611691320681, 77.00611691320681, 75.21773513406157]
[75.32657518586231, 72.63958396475854, 72.63958396475854, 71.43697644942318, 71.43697644942318, 70.30384146202354, 70.30384146202354, 66.69277193954109, 70.30384146202354, 67.96756684068389, 72.63958396475854, 75.13341201124442]
[71.57735361074735, 71.63163179048415, 71.63163179048415, 71.69190113696175]
[65.39655093305528, 63.319642848791034, 63.319642848791034, 64.72791941568332, 64.72791941568332, 67.33073767408054]
[65.8458773252015, 69.49473108176177]
[66.4854239048274, 66.82404795417882, 66.82404795417882, 68.43715523913008, 68.43715523913008, 68.45402683740228]
[72.20865726041923, 71.39998500221476, 71.39998500221476, 75.65081413867838, 75.65081413867838, 77.19353011008353]
[75.08554996419399, 75.08554996419399]
[95.05950349809041, 91.12812766810008, 91.12812766810008, 87.8578135868605, 87.8578135868605, 85.56812870710422, 87.8578135868605, 82.4037650075233, 82.4037650075233, 80.65530070891286, 82.4037650075233, 84.99184377963972, 84.99184377963972, 91.12812766810008, 84.99184377963972, 87.24258404321598, 80.65530070891286, 78.6494382597771]
[78.6494382597771, 78.6494382597771]
[101.47240706626094, 98.14930583068475, 98.14930583068475, 97.274554999462]
[100.6215533937007, 97.42479388031427, 97.42479388031427, 96.05582379073245]
[94.982554540005, 95.60981683718559, 95.60981683718559, 96.95410461684232]
[86.6373871950509, 91.73579717428996, 91.73579717428996, 95.71044927968248, 95.71044927968248, 98.38917240780079, 98.38917240780079, 100.83104413524792]
[98.21221908478692, 98.21221908478692]
[106.55163652764877, 106.55163652764877]
[77.66971652808733, 78.81168715032042, 78.81168715032042, 79.47503559310918, 79.47503559310918, 78.64108114409099, 78.64108114409099, 77.66971652808733]
[104.15201965955164, 101.89044654065935, 101.89044654065935, 100.30563916248876, 100.30563916248876, 99.02164889588072]
[92.01494515393783, 88.2389623461043, 88.2389623461043, 84.71612781071602, 84.71612781071602, 82.71146329480486]
[88.49809707852972, 88.30871908113342, 88.30871908113342, 88.31600432217739, 88.31600432217739, 87.57383683208548, 87.57383683208548, 83.81796310750171, 83.81796310750171, 81.76855424885696, 81.76855424885696, 81.08923251256391, 81.08923251256391, 80.12667300097353, 80.12667300097353, 80.2559342088043, 80.2559342088043, 83.73076716155893, 83.73076716155893, 84.39260797582986, 84.39260797582986, 86.27402252065693, 86.27402252065693, 88.41446361159244, 88.41446361159244, 88.49809707852972]
[84.6940923109098, 84.6940923109098]
[87.79912033971169, 86.41552688830215]
[80.56219095530393, 78.98924400870577]
[75.90799527737025, 73.98766955367816]
[99.98783392587707, 95.17492409791285]
[90.13532630511743, 90.13532630511743]
[106.81889193541348, 101.15057826156021, 101.15057826156021, 93.1429060995792, 93.1429060995792, 94.85372187471896, 94.85372187471896, 95.48918018556252, 95.48918018556252, 96.9495725192132, 96.9495725192132, 99.32370863392323, 99.32370863392323, 102.84836972690135, 102.84836972690135, 106.81889193541348, 95.33343090703909, 96.9495725192132, 96.9495725192132, 101.15057826156021]
[90.4680579009925, 90.4680579009925]
[113.4165651313122, 113.47312809686754, 113.47312809686754, 116.06390959602061, 116.06390959602061, 116.73255121273718, 116.73255121273718, 113.4165651313122]
[115.5788227796428, 115.5788227796428]
[112.80079808233026, 111.28981278978053, 111.28981278978053, 109.54413353460934, 109.54413353460934, 110.01416159921972, 110.01416159921972, 112.80079808233026]
[103.32533793328413, 103.03618066722295, 103.32533793328413, 100.99443822687799, 103.32533793328413, 105.23008771149941, 105.23008771149941, 104.96169776113659, 104.96169776113659, 103.65646469278948, 103.65646469278948, 101.95737781404057]
[119.05190052920904, 115.778704779054, 115.778704779054, 113.84272770127457, 113.84272770127457, 116.61644354586822, 116.61644354586822, 118.58802401405485, 118.58802401405485, 119.69981977707585, 119.69981977707585, 119.05190052920904]
[119.76711584086449, 119.76711584086449]
[107.41792749501076, 100.46996370709206, 100.46996370709206, 99.79312160520746, 99.79312160520746, 98.60323521786877, 98.60323521786877, 93.30314308367569, 93.30314308367569, 91.81406884306473, 91.81406884306473]
[117.62295349440585, 116.50921284384073, 116.50921284384073, 116.03769760749589, 116.03769760749589, 118.26685080164252, 118.26685080164252, 118.73147700319927, 118.73147700319927, 120.47060595993854, 120.47060595993854, 123.19483766299412, 123.19483766299412, 125.5073506870123]
[129.29098136687122, 129.40765241743296, 129.40765241743296, 130.93307505262808]
[129.56936528353552, 129.55780450577186, 129.55780450577186, 130.157701401166, 130.157701401166, 132.12190638288368, 129.56936528353552, 127.87522147688696, 127.87522147688696, 127.87214100377682, 127.87214100377682, 130.70236770667663, 129.56936528353552, 130.70236770667663]
[118.13877649081059, 120.1614170869403, 120.1614170869403, 123.59888027594084, 123.59888027594084, 124.45920795556185, 124.45920795556185, 128.89048133735093, 128.89048133735093, 130.78790426094994, 130.78790426094994, 126.22994707862449, 126.22994707862449, 128.3349363639661, 128.3349363639661, 131.9143857962113, 131.9143857962113, 133.52520623840851, 133.52520623840851, 139.93023785388846, 139.93023785388846, 141.00950569591922, 141.00950569591922, 137.946272273529, 137.946272273529, 138.50460659513772, 138.50460659513772, 131.7220730080217, 138.50460659513772, 144.8697238336381, 138.50460659513772, 138.50293862356256]
[141.88687037997337, 141.60138864361963, 141.60138864361963, 145.1303513500853, 145.1303513500853, 148.8630463365189]
[131.1094247236516, 135.1522781775023, 135.1522781775023, 135.70111927311132]
[127.86339097911717, 127.45073601556938, 127.45073601556938, 121.88411853232556, 121.88411853232556, 120.65068236175149, 120.65068236175149, 125.7337828832668, 125.7337828832668, 127.86339097911717]
[135.86100829172346, 140.40847460129808, 140.40847460129808, 144.4466565715947, 144.4466565715947, 136.95174855814898, 135.86100829172346, 136.95174855814898, 135.86100829172346, 133.0857831283843, 144.4466565715947, 147.5004651099597]
[136.99102799704187, 132.07517701252146, 132.07517701252146, 132.25684268386374, 132.25684268386374, 129.99936045902442, 129.99936045902442, 126.94350091463785, 126.94350091463785, 129.65236985830336, 129.65236985830336, 129.01467874709064, 129.01467874709064, 120.28253130259876, 120.28253130259876, 120.88789731562508, 120.88789731562508, 122.01314897029549, 122.01314897029549, 126.08790232151976, 126.08790232151976, 129.3500924903069, 129.3500924903069, 131.4331112814018, 131.4331112814018, 134.96819049689188, 134.96819049689188, 136.99102799704187]
[164.43631081497992, 161.53595776090197, 161.53595776090197, 158.5812611411284, 158.5812611411284, 153.3287637880023, 153.3287637880023, 150.04388783244232, 158.5812611411284, 159.246374721387, 159.246374721387, 162.0949781377019, 162.0949781377019, 157.3916516924542, 157.3916516924542, 158.82570461198247, 166.40558573243533, 163.683180164342, 163.683180164342, 158.82570461198247, 158.82570461198247, 152.72622129154024, 152.72622129154024, 150.17023190609515, 163.683180164342, 158.48469654394873, 158.48469654394873, 152.72622129154024, 158.48469654394873, 155.77271859448794, 155.77271859448794, 160.15812274781266, 160.15812274781266, 154.41148964737576, 154.41148964737576, 155.2564184184816, 166.47883604014524, 160.91517746943214, 160.91517746943214, 155.2564184184816, 155.2564184184816, 147.6814995129489, 147.6814995129489, 141.92074908685274]
[153.8778397574792, 152.8066090784886, 152.8066090784886, 145.05642762169575, 145.05642762169575, 143.32371814314212, 145.05642762169575, 139.09350228121306]
[175.73821955536133, 174.66018456320973, 174.66018456320973, 171.23281028317868, 171.23281028317868, 169.88424957665154, 169.88424957665154, 175.73821955536133, 171.23281028317868, 172.4022625024139, 174.66018456320973, 175.19847637052644, 169.88424957665154, 169.48918114545978]
[172.4022625024139, 172.4022625024139]
[175.19847637052644, 175.19847637052644]
[169.48918114545978, 169.48918114545978]
[164.79647980697504, 166.20836345968542]
[161.11401431492578, 161.15763952639503, 161.15763952639503, 162.05253498508569, 162.05253498508569, 165.91212949747498]
[175.97204811341027, 176.9350628806214, 176.9350628806214, 180.08212744977496, 180.08212744977496, 180.46709695751252, 180.46709695751252, 180.36064225653462, 180.36064225653462, 177.21962995389083, 177.21962995389083, 175.70643185664082, 175.70643185664082, 175.97204811341027]
[179.94922294964783, 178.17109717170783, 178.17109717170783, 174.83654940722468, 174.83654940722468, 173.01678850069473, 173.01678850069473, 168.36684651881745, 168.36684651881745, 166.31667833110038, 166.31667833110038, 162.36684505132598, 162.36684505132598, 159.3311002955914, 179.89672961251333, 178.38428104990018, 178.38428104990018, 177.140171113152, 177.140171113152, 174.9307248099536, 174.9307248099536, 171.3584099950014, 171.3584099950014, 169.12160812598646, 169.12160812598646, 165.28651076367802, 165.28651076367802, 159.94941772758753, 177.90362126257097, 172.71098238779098, 172.71098238779098, 169.20952193157834, 169.20952193157834, 165.27724895748042, 165.27724895748042, 162.00609559050844, 162.00609559050844, 156.94768324151028, 173.83201265392518, 168.87011819564086, 168.87011819564086, 164.7134376958054, 164.7134376958054, 164.13165205330063, 164.13165205330063, 161.01182959561254, 161.01182959561254, 157.9387094925983, 172.12235253572368, 169.7215732329859, 169.7215732329859, 166.0882884893233, 166.0882884893233, 163.1107248587997]
